Operative RelHumidity
13.431681
8.945095
6.081134
4.637281
4.349471
4.569761
5.017893
5.580422
6.083871
6.693222
8.038831
8.647511
8.992437
8.890452
9.155808
9.830812
11.872431
14.342028
15.58892
15.375812
14.73755
14.624729
14.737158
15.429816
15.309318
15.596826
14.747624
14.612957
12.52142
10.556798
10.15551
10.536533
12.600054
15.173784
16.470184
16.400289
15.661196
14.64984
14.089959
14.510452
16.230324
15.65978
12.699975
11.330849
10.447244
9.190108
10.164037
11.064064
11.58096
12.660106
12.81067
12.41172
10.445313
8.740927
8.492688
9.020105
10.458558
12.979698
14.662016
15.599787
15.660396
15.446283
15.810732
17.68568
20.250894
22.657799
23.246628
23.697078
23.365365
22.660622
24.688106
24.69476
24.413493
24.006906
23.882722
24.555089
23.258232
20.435593
19.385865
19.931274
21.958559
24.121191
25.135857
25.313952
24.338781
23.942783
24.578601
24.795684
24.404448
22.21413
18.908
16.484303
14.902062
14.364155
17.970657
19.251347
19.199034
19.172209
19.158757
19.152993
16.679284
14.414079
13.381888
13.646899
15.570973
17.630355
18.152719
18.125332
16.967646
16.198441
16.457983
16.648597
16.548568
15.24128
12.658776
10.770716
9.690985
9.004456
11.182972
10.610515
9.149445
8.203732
7.691078
7.330077
6.085709
5.09497
4.688241
4.7896
6.626332
9.213472
10.757374
11.663031
10.996004
10.742751
11.498471
11.917777
11.903079
10.361126
7.788708
5.740105
4.479292
3.871994
4.640292
3.989086
3.370574
2.823844
2.483071
2.175005
1.649531
1.300421
1.317184
1.488265
1.968125
2.643532
3.112463
3.407667
3.131908
2.698259
2.572527
2.64315
2.762658
3.484745
3.307264
2.942847
2.525512
1.987397
1.748264
1.596093
1.407037
1.439011
1.542844
1.622164
1.828795
2.022697
2.420082
2.935426
3.384799
3.859117
4.340578
4.495448
4.48945
4.789379
5.665522
7.066226
7.910814
7.643404
6.915593
5.728945
4.844704
4.483732
4.130681
4.07572
4.239783
4.523996
4.843007
4.889709
4.03101
3.533083
3.736327
4.345798
6.506814
9.103212
10.731824
12.238824
11.799856
12.077022
13.218022
14.774095
16.307983
14.567183
11.386198
8.959884
7.535312
6.419752
7.552518
7.181675
6.547262
5.984795
5.844334
6.552134
6.606
6.234271
6.214898
6.812283
8.590156
10.889532
12.483348
14.023341
14.250836
14.403839
15.481795
16.546545
17.367738
16.111607
12.809839
10.63324
9.456078
8.472212
10.322237
9.198697
7.732731
7.264181
6.892624
6.737437
6.091582
5.913743
6.467183
7.033316
8.81016
11.309165
12.581044
12.749065
11.60874
11.781883
13.217424
15.089708
18.124791
17.767931
14.280208
11.889223
10.820627
9.819966
11.150316
11.064914
10.285153
11.61091
13.808234
15.872751
14.950205
14.40386
14.297798
15.007517
17.094565
20.590749
22.966932
22.815072
23.874636
24.775093
25.618516
25.548826
24.581129
22.675403
20.845991
19.710589
18.679905
18.418619
22.002639
22.733902
21.600168
20.794456
20.100898
19.871603
18.3307
17.615982
17.637357
18.170801
19.749274
21.493025
21.959778
21.61608
21.218215
20.257451
20.188553
21.388684
22.649625
21.613154
18.688302
16.050713
13.468776
12.213104
14.916878
15.521746
15.694895
15.410661
13.786869
11.762147
8.954596
6.915862
6.339049
6.606853
7.179347
7.861687
8.747635
9.993962
10.312145
9.47996
9.074827
8.850131
8.327879
9.72413
9.627863
9.022554
7.647953
6.586804
6.10517
6.091359
5.870547
5.591067
5.416575
5.458555
5.786066
6.845951
8.069417
8.261388
8.112043
7.946053
8.253744
8.9484
10.242027
11.647557
13.7706
15.762211
17.312103
18.253754
18.514242
17.372656
15.053472
14.333551
14.60674
15.527051
16.825957
17.373641
18.084357
18.394569
15.831371
13.638862
12.98751
13.789455
16.071051
18.531469
19.662075
19.478533
17.87995
17.51977
18.576511
18.917654
19.781261
19.721107
19.764415
18.973166
17.674161
16.83155
17.668749
17.429138
16.665694
15.15738
13.908149
14.198328
15.757949
17.490231
18.513794
19.725921
21.303815
23.629644
23.227691
21.869592
19.705754
17.470032
16.247115
15.960549
17.355845
19.811899
18.955149
17.373721
16.087588
15.716211
15.91191
14.884685
14.889448
15.90302
16.956711
19.2828
19.248823
17.678389
17.241321
18.227868
21.119389
23.795169
23.069363
23.172879
22.018702
19.963291
18.040492
17.373028
19.264673
20.830785
18.543695
14.596942
12.52047
11.113087
12.53441
12.771162
12.721133
11.569042
10.20977
9.40614
8.417351
7.646769
7.570596
7.868613
9.500332
12.444009
13.731443
13.519992
12.881806
12.878395
14.339399
15.486789
16.475289
17.782763
16.689689
15.536635
13.785366
13.986117
17.155905
17.996229
18.024278
17.704196
19.224077
21.082496
19.849979
15.510392
13.852726
14.786157
16.947998
18.774715
19.358687
18.870024
18.487138
17.511803
17.837307
18.046779
19.168752
20.435421
19.747813
19.360862
18.876808
18.112938
18.405692
18.370996
18.683275
19.580885
20.905722
20.816635
17.318443
14.415592
12.664965
12.133101
12.4868
13.532064
13.447402
12.792512
12.257848
11.222796
10.755394
10.750973
10.791982
11.313459
10.771154
10.02471
9.502912
9.062658
8.993445
8.614922
8.662327
7.958647
7.35944
7.122929
6.966473
7.058795
6.712522
6.660468
6.820338
7.124488
7.578595
7.768163
7.916965
8.022489
8.380806
9.481821
11.14055
12.256793
12.004503
11.878443
12.050862
12.164767
12.086762
11.431237
10.206763
9.184403
8.160483
7.827842
6.406084
5.082252
4.533629
4.396205
6.215537
8.52391
9.870565
10.797401
10.195753
10.232021
11.184899
12.408004
14.436326
14.960263
11.674075
9.344376
8.305341
8.036005
9.606394
9.173506
6.905583
5.287139
4.25798
3.765728
3.127265
2.771451
2.947031
3.549629
6.005973
9.207787
11.092742
12.29065
13.129498
13.850611
14.525344
14.648244
15.729112
16.947251
14.322503
12.095324
11.123856
10.446883
11.139253
10.520881
9.789713
8.785445
8.568239
8.439411
7.196698
6.248001
5.9513
6.563368
9.235037
12.174995
13.432201
13.578699
13.054024
12.763713
14.180099
14.871966
17.244128
18.310709
19.303107
19.542822
19.598465
18.900807
19.407675
19.397822
20.485745
19.403766
18.382471
18.317505
18.752643
15.957313
14.150616
14.512552
16.10577
18.190281
20.180559
20.437292
19.364717
18.44419
19.662829
21.25024
22.174262
22.707114
20.827981
18.865667
17.482746
15.918159
16.248189
16.147836
16.460269
17.624343
21.007628
23.117888
21.751114
18.254218
17.854594
19.902971
22.652112
23.94743
21.316633
19.756469
16.355542
14.156371
14.220844
13.960136
15.177396
15.899634
15.386262
15.024851
14.727104
14.543727
16.11701
17.202783
17.256853
15.845277
14.617792
13.73558
11.371224
9.626633
9.312471
10.471211
12.402197
13.879216
15.716057
18.128848
17.776375
15.822091
14.977657
15.120096
15.664164
15.998484
16.349336
16.763738
16.979587
17.074427
17.50697
18.685554
18.858522
20.262448
23.989652
23.779578
22.140481
20.94866
21.399703
23.20273
23.067193
23.449453
25.866064
26.7575
24.609848
22.799503
21.612638
21.352181
21.472364
22.536264
23.292821
24.684156
27.125182
29.636489
29.992106
29.346985
28.103801
27.203942
26.881829
26.564385
23.919976
21.458068
20.602734
20.149583
21.591054
23.419319
22.599986
22.5007
22.494435
22.828062
24.69359
25.475046
21.526165
15.828401
10.662242
7.235239
5.225017
4.011755
4.372311
3.548842
2.812787
2.396109
2.126136
1.869346
1.556335
1.300742
1.381661
1.869971
3.974629
6.610229
8.173742
9.070506
8.530305
8.383375
9.168934
9.59912
9.818538
8.510131
6.125381
4.340719
3.264042
2.689883
3.676278
5.634181
11.621222
21.481602
28.467459
32.137766
29.339886
26.251561
25.014366
25.654883
28.240865
31.021974
32.946341
33.782165
33.840004
33.69815
35.574721
32.245474
29.964327
29.958433
26.908895
24.713976
23.301235
21.72556
24.348183
23.86852
21.824071
19.451262
17.145792
16.216892
12.691912
9.307501
7.678617
7.136649
8.438464
10.726306
12.055829
12.326499
11.881633
11.644772
12.514897
13.993078
15.539285
14.86364
11.557971
9.205551
7.805215
6.919971
7.730313
7.480628
7.708879
8.216218
7.679487
7.834974
7.585415
7.618899
7.99989
8.951101
11.328008
13.906339
15.346471
16.169797
15.371588
14.402201
14.761253
15.410374
15.70194
14.301592
11.504668
9.075495
7.258368
6.094342
7.254423
6.503403
5.459467
4.409845
3.684512
3.468734
3.031238
2.70465
2.774808
3.111728
3.843079
4.882181
5.509239
6.141621
6.513086
7.102273
9.067607
10.30968
10.411526
12.293288
13.071208
13.509869
13.392132
13.083615
13.315289
13.714023
13.63579
13.534114
13.860554
14.712448
14.679667
14.990673
14.028243
13.387519
13.142098
13.333482
13.440468
13.455652
14.855647
16.451753
17.155479
18.610815
19.784735
21.33762
22.535599
22.430375
20.470005
19.150343
18.423459
18.542748
19.393759
18.017635
16.590919
15.739488
13.929777
13.143104
12.642334
13.445498
14.894418
17.084145
17.653478
17.033562
15.489734
14.029001
13.669703
13.868668
14.979614
16.656387
16.568033
14.256707
12.601053
11.778648
12.954582
13.434092
13.459493
13.433416
13.602678
14.177487
12.385403
10.407319
9.4129
9.673254
11.617167
14.346309
15.053964
14.762023
14.130088
12.535792
12.278173
13.171034
15.100748
15.758685
14.141502
12.950356
12.710899
12.136251
14.050451
15.552675
16.402538
17.927902
19.234321
20.446594
18.452446
15.916042
14.587634
14.397814
16.116662
18.535676
19.918395
20.71946
20.276455
20.485601
21.215458
20.631393
19.914723
18.026461
14.52142
12.070489
10.552191
9.847521
12.284139
11.236419
9.21835
7.934027
7.304511
7.152051
6.294591
5.996693
6.840203
8.177147
10.756085
14.004124
16.567782
18.285154
18.525088
18.352063
17.740722
16.943488
18.402743
20.290377
18.603045
16.720657
15.298465
13.938646
14.709561
14.255613
13.797347
13.769197
14.150417
13.575416
11.82949
10.613083
10.175882
10.125897
11.531095
13.558109
13.884824
13.288205
12.126177
10.662449
10.896051
11.194672
12.117384
13.089153
12.371244
10.874576
10.029607
9.569349
10.523308
11.174393
13.739439
16.375372
17.655654
17.165675
16.029172
14.224849
13.924213
14.851518
15.250491
15.969505
16.549869
14.849324
14.327288
14.244658
14.791054
16.54935
19.065862
20.294919
21.169572
21.165014
20.996517
19.424099
17.354946
15.692211
14.557716
13.472872
12.513048
12.029495
11.987155
11.710342
11.461679
11.069765
10.813767
10.670567
10.584559
10.069841
9.179032
8.116257
7.778211
8.401408
9.428846
10.457175
10.519483
9.817254
8.781846
7.628333
6.787365
6.889687
7.324392
7.73434
7.76673
7.747232
6.748063
5.94074
6.037475
7.010602
9.437326
12.43521
14.283022
15.863525
16.274682
16.614738
17.235865
18.108303
19.820375
20.966575
21.205633
20.876249
20.381375
19.497158
21.778789
22.734645
23.514608
23.457776
19.58384
16.215358
12.79298
11.298241
12.010032
12.8414
14.930972
17.80185
19.2431
18.923131
17.533507
16.769713
16.187887
15.537461
16.341444
18.166164
17.58476
15.545183
13.552485
12.864078
14.254916
14.350481
15.076025
16.064259
16.515852
16.922108
14.960609
13.16162
12.51374
12.746504
14.71949
16.946671
16.300583
15.061918
13.777356
13.816597
13.96496
13.817479
15.03827
15.317077
14.421465
13.55875
12.556261
11.390872
12.643631
13.246911
12.275193
11.79938
11.787334
11.091683
9.710959
8.799881
8.850511
10.205355
13.137902
16.011223
16.579951
16.03758
14.574369
13.025842
13.188885
13.424136
14.225824
14.429473
13.729288
13.036393
11.252592
10.73711
11.897036
11.65273
10.609466
9.473939
9.492738
10.209823
9.085873
7.580591
6.927676
7.425414
9.936146
12.215232
13.5566
14.353817
13.703017
12.812005
13.447029
14.564729
15.715466
14.560561
11.590605
9.642282
8.544941
7.856008
9.194669
8.931518
7.865042
7.191618
6.840669
6.652542
5.661274
4.800958
4.675337
4.88419
5.489787
6.389102
7.102323
7.779687
7.823644
7.326872
7.397966
7.857733
8.590174
9.505363
9.923324
9.722978
8.900401
7.828938
6.995415
6.1116
5.714147
5.476431
5.250355
5.199787
5.215099
5.75541
6.470348
7.08793
7.190776
7.230418
7.398127
7.019245
6.894363
6.84606
6.901486
7.144017
7.35831
8.180749
8.88628
9.415326
9.658016
10.34159
9.928596
9.211517
8.643414
8.368881
7.927744
7.733318
6.721728
6.149703
6.057048
6.886999
9.667069
13.526524
15.672446
18.012606
17.875138
16.823766
17.07677
17.227049
17.080247
16.589017
15.171262
14.408488
13.399553
12.70533
14.285898
15.055377
15.66688
16.837193
18.655983
18.17594
15.822986
13.138606
11.506887
11.024458
13.488743
16.235243
16.20232
15.880897
14.175957
12.547382
12.590553
12.451548
13.319478
13.854943
13.593142
12.706108
12.160613
11.742283
12.251785
13.392065
13.812739
14.501092
14.61445
14.729735
13.747866
11.571291
10.691427
11.420676
14.281721
16.496542
17.095058
18.199384
17.237099
17.165304
18.332236
18.96399
18.998163
19.209869
18.976271
17.168816
15.696812
13.846354
13.650127
11.841167
10.406534
9.518274
8.896696
7.981448
6.486405
5.757588
6.270545
7.567802
10.824558
14.220472
15.537733
16.577062
17.811746
19.025079
21.254644
23.901743
25.615106
25.328925
22.683532
20.114285
17.868006
16.595708
19.494834
20.268455
20.071361
19.922293
19.5586
19.162074
15.882262
12.755277
11.375325
11.609341
13.764779
16.70944
18.447536
19.008107
17.443745
16.725114
17.585192
17.629284
17.688759
18.147688
16.67801
14.25107
12.615641
10.79314
11.877481
11.492184
11.10445
10.253096
9.488714
9.034138
7.676071
6.534296
6.025453
6.017074
6.887935
7.962559
8.488846
8.50026
7.819096
7.104195
7.340157
8.275421
9.220913
10.026587
10.819643
11.559626
12.563742
15.016219
17.648967
19.12753
19.526812
21.897589
22.825645
21.162513
19.536238
18.605663
18.014836
17.200368
16.399418
15.341393
14.90037
15.163988
16.137602
18.298215
18.118069
16.509491
15.880393
16.467198
17.824655
19.833167
21.157033
21.999233
22.040212
21.4293
19.255169
19.476376
20.32377
20.855344
17.872677
14.400016
12.903963
12.948429
14.797874
17.574708
20.062321
21.395703
21.073056
20.457811
20.939278
21.905892
22.679792
22.627407
20.882394
18.693031
17.573651
17.473364
20.133751
21.930469
21.952345
21.369404
21.326429
21.825479
19.892704
17.493661
16.589852
16.248886
18.130361
20.602102
20.573381
20.144348
18.367839
18.445745
18.905862
19.2497
19.772382
19.745895
19.96091
19.327415
18.5298
17.498511
16.354568
14.414538
12.411174
10.543613
9.185216
8.307039
7.11122
6.52148
6.844219
7.902263
10.990804
14.937589
16.54989
16.257229
15.300823
15.474798
15.596777
16.097379
17.236301
18.376208
17.428994
15.159639
13.368725
12.328801
13.494712
13.026235
12.191795
11.418022
10.954799
9.946412
7.996559
6.425559
6.008998
6.483794
8.987713
12.342061
14.153397
15.485874
16.373039
18.617403
20.490054
21.916581
23.456528
23.790452
21.262759
18.886042
16.995917
15.32806
16.870537
17.355382
18.082198
16.644002
15.688189
16.237413
15.824755
13.36899
12.1669
12.114406
14.039764
16.647952
18.550125
19.50328
17.288457
15.39598
15.623053
17.093474
17.668856
17.717536
18.779875
18.442026
18.952115
19.855342
19.955743
19.35942
18.938354
17.886863
16.845285
16.534407
13.756379
11.391218
10.590213
10.741324
12.617843
14.439637
15.691374
15.985568
15.207938
13.940458
12.788281
11.84254
11.180859
12.497866
13.181308
13.094683
12.318371
11.822285
11.519339
11.241381
10.805197
10.52288
10.365077
10.282046
10.240781
10.215694
10.282927
10.381336
10.433038
10.459073
10.477791
10.479928
10.595156
10.980815
11.200262
11.314365
11.389842
11.468223
11.426281
11.199976
10.774467
10.497711
10.252006
9.958569
10.037007
10.009899
9.630706
8.89733
6.960407
5.613447
5.24857
5.83135
8.369281
11.328605
13.07174
14.309415
14.272485
14.628429
15.742314
16.379947
16.751535
15.417951
12.622421
10.276568
8.831674
7.910879
9.961678
9.755996
9.577078
9.556194
9.703037
9.382466
7.590851
6.151741
5.740373
6.297584
8.692878
11.598834
13.444146
13.899155
13.096588
12.583102
12.771906
13.07372
13.988246
14.797719
12.995735
10.734157
9.401275
8.63559
9.852177
10.168312
9.97734
9.343326
8.948157
8.653135
7.174085
5.972643
5.705894
6.075748
8.163892
10.80279
12.260442
12.971992
12.323806
11.768723
12.743943
13.696203
14.445986
12.777349
9.93429
7.905917
6.703861
5.860548
6.922797
6.281334
5.659937
5.258909
5.040759
4.922561
4.241686
3.675902
3.608679
4.036429
6.173757
8.891379
10.549051
11.396759
10.67772
10.486328
11.960168
13.429385
14.17478
12.321702
9.509136
7.504623
6.346533
5.682574
6.86971
6.652107
6.103156
5.742335
5.547143
5.439293
4.691581
4.02785
3.856043
4.288744
6.444557
9.175354
10.840547
11.809743
11.351863
11.279674
12.221825
12.786787
13.064967
11.645624
9.073118
7.114135
5.971541
5.28315
6.378428
6.00042
5.468579
4.975143
4.637921
4.378059
3.746145
3.174661
3.141197
3.530782
4.35184
5.384331
6.145592
6.758729
6.763276
6.321977
6.17662
6.159024
6.231205
7.9427
7.85722
7.448354
7.008794
6.741489
6.596852
6.518169
6.475778
6.454703
6.375537
6.152984
5.955689
5.636411
5.363536
5.313363
5.494025
5.833756
6.140709
6.028559
6.041177
6.259607
6.660651
7.117878
7.757297
8.590077
8.615915
8.256615
8.017825
7.88539
7.811093
7.769593
7.747361
7.732769
7.72807
7.727147
6.882201
6.441618
6.890728
8.765937
13.077905
18.497698
22.931053
25.888117
25.059633
23.457752
24.422306
25.197297
26.003595
26.855762
24.198037
21.073579
19.324045
19.370799
22.839107
23.875808
24.360152
24.882498
25.715621
27.035653
25.184646
21.446317
19.497287
19.581543
21.827625
24.596056
26.405073
27.484129
26.080127
23.883702
23.936837
25.80444
27.104925
27.984291
28.429406
27.327011
26.554529
26.247026
26.520058
26.808197
26.933917
27.199073
27.723097
28.034878
27.663247
24.126888
22.019521
22.188312
22.688012
23.33519
24.412992
25.869247
25.206729
24.506905
24.954511
27.347396
26.44515
24.807394
24.14604
22.543074
22.401454
21.736321
20.782047
19.600636
19.564087
19.809617
20.304114
21.500012
21.256898
19.2794
18.913382
20.294813
23.042027
24.18071
23.269009
21.389938
16.958771
15.63432
15.870801
14.800265
15.062717
14.84477
15.022651
15.573788
16.415339
17.327622
17.933138
17.761045
17.132501
16.58916
16.033178
16.380873
15.049077
12.288163
10.95604
10.868407
13.633813
17.011045
17.404806
18.242175
17.520537
16.675081
16.958354
18.201158
19.846661
20.726694
20.64239
19.777247
19.006501
19.092044
20.054676
20.630434
21.456396
22.210144
22.437781
21.57646
18.976687
16.483787
15.38146
16.748333
20.142242
22.001763
21.808223
22.838422
22.701152
22.924755
24.206952
24.968465
24.639581
24.851174
25.824409
25.782951
28.336069
30.585001
29.88673
27.388852
23.826278
20.511767
17.971929
17.300145
17.942633
18.48463
18.835638
19.271874
19.664483
18.440229
15.996796
13.960916
12.712984
12.266924
11.608916
11.512797
11.196782
10.774991
11.098523
12.096962
12.250915
11.454755
11.607142
11.498567
11.459027
11.466743
10.91337
10.770767
9.231735
8.542287
8.523887
9.012967
12.31134
16.227356
16.757542
16.439018
15.760474
15.470179
16.030276
16.831659
18.138311
19.549318
18.836278
17.150594
16.043521
15.419159
16.974178
17.409241
17.170495
17.021934
16.956958
17.355313
15.316247
13.890286
13.908457
14.935247
17.392293
20.178941
20.613033
20.816899
20.299878
20.097941
20.616365
21.466302
22.657328
23.602655
24.042029
23.658406
23.929559
23.802333
24.98086
25.217231
24.968631
25.429862
26.401582
28.470848
27.786387
25.023962
24.332631
25.639594
27.391121
29.319945
30.831182
29.378416
26.981346
24.532511
23.022156
21.605017
20.930073
19.1312
19.38594
18.801038
18.70902
19.669584
21.07877
20.485546
20.452676
20.438991
20.243718
20.298736
18.355363
16.465466
16.85352
18.035568
19.974387
20.442789
18.981287
17.188848
15.741205
13.463689
14.054073
13.771084
13.365619
11.991003
11.730878
12.442064
13.455186
15.046981
17.132251
18.513422
19.532565
20.227444
20.452661
20.324695
18.357872
15.831705
15.077769
15.751518
18.699145
21.77755
21.10579
20.294128
17.904126
15.049786
14.937297
17.436506
19.443384
19.65643
19.966257
20.010452
20.190784
20.305061
20.122188
19.897094
20.727087
22.275019
23.592675
25.54112
26.10225
22.840994
20.95149
19.768488
19.599302
19.132545
15.728243
13.222453
11.574767
10.45102
9.443367
9.653199
10.666686
11.114599
11.613097
12.916679
13.647111
14.984505
16.08051
16.843421
17.710845
19.134606
19.615006
18.855402
18.22727
17.727782
17.581617
17.423228
17.086495
14.426962
11.749372
9.447148
8.789956
9.005115
9.542687
9.742905
9.904831
10.606976
11.618635
12.453694
13.752462
15.105046
15.572706
16.862242
19.405458
21.681031
23.590379
26.190248
25.850132
20.690449
18.562356
19.443394
22.101914
21.870056
20.727021
18.03659
15.03501
14.881253
15.584077
17.019664
18.180456
17.83396
17.853651
19.094139
20.324295
21.139496
21.586294
21.589912
21.6322
21.708908
21.798101
21.551926
20.481444
17.632155
16.785224
17.800222
20.416675
22.489055
21.689608
20.778446
18.970446
16.454683
16.076858
15.933092
16.473036
16.540539
16.682345
16.724897
16.376476
16.429488
17.600379
18.662041
18.887403
19.89573
20.141386
19.949054
19.631553
16.865959
17.124936
19.149558
21.84319
22.685871
21.212098
20.94104
18.435758
18.557247
20.310694
21.867848
22.778328
23.000813
23.050056
22.937144
23.680923
23.719814
23.611064
22.897978
22.720611
22.684274
22.882143
23.474295
21.646879
19.29874
19.572678
21.526249
23.537288
23.993705
22.444087
21.043863
18.095288
18.061225
21.112841
23.826366
24.929918
27.24037
28.357414
28.192434
28.063809
27.876822
28.935809
29.303903
30.218119
30.420678
30.942086
30.402277
25.65893
20.149435
18.585934
21.662655
26.011802
30.306288
32.149206
31.207506
29.657617
27.426349
25.698262
22.5974
20.597886
18.128165
18.089358
19.039028
19.414418
19.229501
20.044639
19.089445
17.65815
16.160835
14.771305
13.523499
11.013634
9.225573
8.697096
8.737861
10.07492
12.867268
15.217534
15.504306
15.505089
14.475171
14.026673
14.240117
15.179733
16.314287
17.189476
17.518821
17.486144
17.521448
17.178727
16.996056
16.865447
16.313201
15.885442
15.47053
15.762552
17.768584
18.885829
18.254772
17.718341
18.46781
17.350923
15.821456
15.171544
14.393008
14.860845
16.271447
17.166825
18.649196
19.922718
20.728162
20.964895
21.025738
20.04166
19.208921
18.534765
17.882046
17.476734
16.960747
15.391107
15.227977
14.635586
15.431576
18.072198
20.840339
22.742781
22.872274
20.58161
18.993132
19.529364
21.085283
22.70238
23.525461
22.318774
21.543798
22.248151
22.803711
26.272559
27.098496
26.827544
26.367561
25.459999
22.990663
18.815438
17.515732
17.077326
17.581809
20.07416
22.344309
21.634172
20.936171
17.614163
14.616246
13.820121
14.999121
15.713931
16.01478
16.609391
16.995073
17.603575
17.960003
19.56664
20.495323
20.55157
19.540208
19.302085
19.171742
17.188748
14.671622
13.737215
15.08306
17.951384
18.86939
18.45068
17.267923
15.618543
14.670178
13.880959
14.027683
14.804444
14.471392
14.772845
15.366172
15.075032
15.004596
15.890871
15.79321
16.326833
16.701013
17.435726
18.416858
19.190652
17.053919
15.825158
16.585913
19.741515
20.043383
19.510995
18.950726
16.806165
15.62785
14.977611
14.282488
13.675938
13.876806
13.937375
14.652108
14.124082
13.507418
13.773299
15.059784
15.425308
16.217882
16.208657
16.600302
15.951254
13.794674
13.599157
15.222424
17.658685
19.32064
19.748802
18.610504
17.549968
17.527146
17.631778
17.785789
18.198763
17.912218
17.422356
17.58577
17.871209
18.740539
20.274231
20.593294
19.775897
19.648423
20.052376
20.423603
20.672644
20.685535
20.025711
19.970286
20.389661
19.079724
18.557729
17.911792
17.823893
17.702511
17.194302
16.913439
17.590974
17.311834
16.859836
17.686697
20.174544
21.69102
22.539741
24.753158
26.530547
28.860875
28.992161
28.443397
27.947143
28.661262
29.420651
29.213035
28.154366
27.265028
24.704779
20.843429
17.47501
15.462073
13.940876
13.435431
12.6741
12.080456
12.435556
13.242392
14.094792
14.479778
15.141762
16.129278
17.642345
18.338904
19.881752
21.702793
19.012669
16.022237
14.31387
14.777353
16.184227
17.885013
17.723864
17.052024
14.643251
13.288717
12.804607
12.780463
13.470485
13.657317
13.028258
14.075114
16.152085
17.659783
19.228687
19.99198
19.838055
20.890153
21.561318
21.69904
22.322963
19.53066
18.809444
19.22228
20.758137
20.902115
20.391771
19.608782
18.765797
20.344675
22.627203
23.285785
24.855812
28.306036
29.04999
29.204654
28.136143
27.033406
28.74032
29.370866
27.907756
26.119919
24.386029
23.064817
18.896979
15.666943
14.500118
14.79117
16.724412
18.952782
20.283033
21.367135
20.940853
20.345273
20.109295
19.57879
20.355174
19.433184
16.675317
14.497764
13.942687
13.733166
16.646906
17.398353
15.269761
13.602618
12.677282
12.778555
11.801968
10.225961
9.818007
10.478731
12.910042
15.772112
16.4819
16.258953
14.447884
12.686844
11.42401
11.44292
12.391353
13.48179
14.376637
14.790088
14.73883
14.198774
15.126331
15.622647
15.863378
15.35707
14.450725
15.658719
14.358478
12.717547
11.954237
12.279501
13.472796
13.953188
12.975948
10.428893
8.122063
8.015838
7.801604
8.000597
9.08751
8.96391
8.941489
9.456911
11.10446
12.588171
13.599744
14.088553
14.438127
14.820072
15.453381
16.524038
17.134865
16.650922
16.468377
16.593152
16.44652
18.281969
20.246942
20.285447
18.728412
17.967581
19.319587
20.459009
20.519667
21.634798
22.140009
24.425332
27.927968
30.22101
31.097385
31.416628
31.90911
30.919345
27.5519
25.345323
24.142633
23.479134
23.205181
23.11993
23.064721
23.017565
23.25737
23.579428
23.768062
24.267162
24.432074
24.904075
25.315278
26.86406
27.028686
26.952243
26.908914
26.876502
26.862857
27.104238
27.668736
27.395141
27.135352
26.994149
23.253534
19.753251
18.368036
19.550062
24.651751
29.159469
31.659331
32.093062
30.277788
27.94177
29.126911
32.597195
34.246671
35.716884
34.151681
32.743023
29.983206
27.896869
30.791545
31.895953
31.99938
32.35915
32.956994
32.818375
28.520764
24.549668
23.088103
23.995571
27.666436
31.135471
32.307438
32.570404
31.643669
31.751277
32.560988
33.074694
33.387779
32.168132
29.682123
27.186125
25.696881
24.853896
29.747866
32.409924
33.743076
34.180343
33.104796
31.913194
26.88684
22.369343
19.782896
20.722767
24.686418
28.167013
30.241581
30.629398
29.2727
26.779455
25.146241
25.058701
25.161846
24.680555
22.784548
21.368813
21.002854
20.344121
21.792564
22.489973
22.863198
23.468754
24.116828
25.570994
23.807693
21.331819
20.725447
22.024426
23.080249
22.271222
20.624091
17.350092
14.393933
13.162658
12.837416
13.424575
13.524977
12.786931
12.452983
13.139756
13.904046
13.943574
14.67204
15.584356
16.077289
15.884423
16.222121
18.437489
22.081842
19.416484
17.58971
18.22725
18.691489
18.356246
16.921622
13.966959
11.764663
12.582501
13.257766
11.286093
11.863728
12.104624
12.764216
13.917837
16.239212
16.811086
17.980652
19.745551
20.988956
22.999847
23.050026
23.483679
23.243191
19.927817
19.399966
21.228527
22.132719
20.037173
17.627822
16.348199
16.783366
17.328189
17.592838
17.968689
18.795558
19.572
20.080732
22.088808
25.777855
27.111136
26.367914
27.929203
29.286842
29.898253
29.89253
28.666119
27.562314
25.832938
24.209713
22.721141
20.66173
19.122601
18.887555
19.883459
20.381773
19.237202
17.254437
17.363456
16.372054
16.788664
17.588235
18.554778
20.36441
21.915552
23.495248
24.544633
24.70473
23.040738
21.179037
20.462541
15.998632
12.90721
12.345288
14.400243
17.999835
18.535326
17.085954
16.23798
13.979191
13.22222
15.184969
15.821331
18.523205
20.035216
21.147116
22.240312
24.325934
25.074474
25.327925
24.381571
24.677999
26.489328
28.325556
29.702613
29.634581
26.00944
24.718338
25.155817
26.87201
29.428015
29.556794
28.151419
25.623736
24.563552
25.969597
26.091057
26.383557
27.914129
28.63345
28.225774
26.231332
25.108627
26.3613
26.916325
27.636266
28.585744
28.038201
28.161307
25.51423
21.849886
20.620219
21.328937
25.232174
29.120959
31.238699
32.05687
31.830741
31.258424
32.29798
33.316054
34.55323
33.686489
30.857305
29.301199
27.597438
25.951782
29.2344
30.544604
30.633226
30.163122
30.055182
29.496099
24.830785
20.947125
19.435687
20.855399
23.13569
23.359462
22.010256
19.800528
16.318503
13.923585
12.89356
13.128158
12.912449
12.755303
12.23497
12.67599
14.820659
16.055032
18.097335
19.074192
20.458899
22.248607
23.040958
24.048214
24.20473
21.0704
20.89357
21.207001
23.336263
24.353753
24.854238
25.460871
24.258674
24.107766
24.23537
24.150733
24.504357
24.440303
23.659629
21.918516
21.25565
21.929794
24.977591
25.764144
25.756474
25.9776
24.511226
22.910698
18.64627
15.825357
15.637994
16.934354
16.927711
14.759277
11.874004
9.748044
8.237565
7.94028
6.6258
6.678945
6.999985
7.236182
7.515151
8.197186
11.02226
13.41622
14.953007
15.614334
16.092608
16.540976
17.716032
19.41814
20.060885
21.159968
22.092977
21.290126
18.719313
15.022881
12.296821
12.388443
13.136826
13.837276
14.751675
14.848913
14.940436
14.923471
15.67963
17.704866
19.719457
21.139565
22.231515
22.996594
23.239749
23.733997
24.71322
25.742732
27.006239
25.518131
24.51904
24.834634
26.989299
28.442702
28.68141
26.457586
23.503418
21.492262
20.980914
24.016715
25.175098
25.383018
25.085247
25.972233
27.221089
26.862934
28.995012
30.859172
29.990771
29.464556
29.14762
29.670174
31.088838
28.891665
28.091384
30.209464
32.562632
34.589172
34.821764
35.056671
38.635429
39.250283
39.214319
39.702199
40.994554
43.014042
41.649895
41.025637
39.726556
37.466751
35.708955
34.368315
34.609039
35.955088
36.378199
37.312969
38.776109
34.904372
33.865931
34.786085
36.722453
39.781487
41.287672
41.005447
39.213299
37.893172
38.370467
38.770078
39.185303
38.344995
36.402023
34.337988
33.065581
31.66289
34.216667
34.310439
33.725968
33.635673
33.757415
34.480598
30.432063
27.000334
25.818101
26.508381
30.191587
33.949735
35.449173
35.993425
35.602909
35.604271
36.46499
36.747129
36.230669
34.073825
31.523758
31.260505
30.312592
29.311825
33.685073
35.640757
36.074543
36.465481
35.960592
33.231218
26.051435
21.584617
20.683681
21.738569
23.814988
25.326813
26.218917
26.862254
26.121215
24.526077
24.64947
24.778485
24.629381
23.594751
20.503053
17.377195
15.872319
15.512732
18.890679
21.364997
23.012935
23.555063
22.564064
22.509962
19.691739
17.415618
16.824438
17.748731
19.114567
19.882693
18.294825
16.937519
16.833027
17.330799
15.495977
16.138606
16.643464
17.068965
17.216616
16.728947
17.247124
19.327409
20.547133
19.878711
19.632015
20.130889
21.214144
23.523705
25.98438
28.442122
29.226098
28.769146
26.535026
25.222161
22.979198
23.035272
22.535434
22.7055
23.076144
22.7894
22.994275
22.116472
21.158008
20.32995
21.532288
22.25349
21.631792
21.210912
20.986344
21.785603
24.269104
26.120608
27.597629
26.286326
25.400753
26.52466
24.579489
21.710652
17.486345
17.947692
19.977339
17.829543
16.914085
16.898376
17.637195
16.132915
14.102494
17.030674
21.644423
23.78108
24.899835
26.046253
27.20736
28.383653
29.809263
31.320161
31.780548
29.017637
26.241756
26.205876
25.596399
26.277588
25.637112
23.698397
21.039999
18.64184
17.990598
20.277546
20.894093
21.834743
21.877529
21.92364
21.62547
21.916342
23.197813
22.871105
23.513585
24.857352
27.107601
28.646755
29.943715
27.613715
26.435555
27.356391
27.653436
28.167785
28.264146
26.231619
24.219346
23.285379
23.805491
24.38203
24.852052
22.625979
20.447654
21.914676
23.42754
23.421598
25.74453
27.735396
28.270482
27.213887
26.688949
25.974596
26.227741
22.899865
22.02447
24.291275
24.992814
23.20432
16.65845
13.024127
13.307413
13.989335
10.574257
8.801436
8.743574
8.326673
10.349229
14.386171
16.82322
18.516817
20.045603
21.449698
23.101507
24.628005
25.109861
23.698165
23.333727
22.642047
21.800856
22.738196
20.268298
12.922029
10.456879
12.01617
13.367228
14.908667
15.961497
15.488453
15.86112
18.794767
22.339004
22.031587
21.17937
21.452603
23.405837
24.967103
26.222276
27.526678
29.133257
30.204185
31.378655
31.400116
30.055524
31.072529
33.401781
35.283627
34.403387
33.160425
30.794771
26.647794
25.045459
26.647532
27.916592
30.36706
34.258907
36.408483
36.018214
35.718053
33.312409
32.712857
33.61426
34.900178
35.469961
33.497228
31.692478
31.08245
32.033946
35.327694
38.154104
37.437812
36.787711
35.388616
33.356027
34.038637
32.300082
31.291711
31.000099
31.70127
32.141791
34.809292
39.407774
41.789254
42.988711
42.625503
40.895919
37.332157
34.885312
34.551202
29.78282
25.609834
24.676731
26.831944
31.214644
30.509892
27.3205
23.928686
21.39747
19.60079
19.107534
19.095319
22.027893
21.914433
21.713614
22.586116
25.054497
26.627804
28.300299
29.769062
31.175519
33.093585
33.815709
33.229568
31.320564
28.064787
27.046221
28.888526
27.349067
25.106994
20.859222
22.287063
23.17222
20.776269
17.150603
15.115856
14.760871
14.500481
16.194107
18.874064
20.487632
21.158406
23.673898
25.84547
25.491395
25.331054
25.784874
26.704891
27.605088
27.79509
25.729536
26.064321
24.032056
22.841354
23.518261
22.064838
23.22884
24.982586
25.163915
22.442573
19.716375
17.892006
18.147242
22.745176
25.406113
25.89564
29.271003
32.043122
32.56879
30.843939
30.370035
31.364526
33.777053
34.202046
31.993876
32.381907
32.970546
35.182324
36.711886
37.703668
37.63139
37.083377
36.502219
35.801571
35.456092
36.012012
36.264124
35.885281
34.787252
33.408839
31.637
30.80668
31.538583
32.233473
32.663787
32.990722
33.355158
30.620238
29.148942
31.406368
34.924261
36.878311
37.249859
36.895318
35.148254
33.729253
30.53145
29.451253
27.054422
24.915997
23.01148
22.514829
23.175809
23.05417
24.977976
26.754663
28.528706
30.689408
32.003311
31.756277
30.431389
27.630678
26.715987
28.429022
28.768516
25.466581
21.534745
19.838282
19.120315
17.806343
17.646807
21.033502
22.910846
24.349829
25.806824
30.106832
32.385043
33.163014
32.665123
33.036754
33.602921
35.213075
36.947214
36.697261
36.815774
37.508006
38.252055
39.105988
40.431309
41.252345
41.427248
40.814638
40.35216
40.23752
40.425699
42.413835
44.088226
43.224038
43.015839
42.415005
39.362251
38.367784
35.954838
34.725931
34.306169
34.290918
33.886304
33.416958
29.467786
26.548651
25.249384
25.397022
27.857502
30.854172
29.250839
28.010127
28.75118
29.669628
30.071846
29.613636
29.442254
28.689648
28.119239
27.088016
25.886563
25.592892
27.627302
28.765596
30.877535
32.881656
34.077357
34.877942
32.87376
29.368744
28.40205
29.274156
33.857563
37.196665
36.711433
35.0718
34.516396
33.859833
33.443903
34.464216
35.718081
36.034078
34.142936
32.590816
31.418794
29.94103
31.281722
30.684785
30.401454
30.795863
31.774038
32.291724
27.993222
24.330614
22.974276
23.748978
26.762407
29.981974
31.782691
32.435011
30.976229
29.590474
30.939536
32.382707
33.755613
33.324706
31.351525
30.225335
29.249791
28.538844
31.233796
31.947878
32.494996
33.29439
34.35268
35.783209
31.800856
27.593381
26.001805
27.208368
30.95239
34.763765
36.887557
37.937831
37.644468
34.554843
28.943869
28.1546
28.655166
28.091886
28.046511
29.282821
31.468736
32.112235
34.67856
35.824452
35.27416
32.454407
30.298202
30.24415
29.082327
25.72633
24.723878
25.935475
27.051127
25.455025
21.023922
20.493347
21.572656
19.739386
20.410297
20.810666
18.916168
18.251383
19.3125
21.317392
24.712263
27.436255
29.848732
31.740757
32.341575
31.381873
28.567742
27.490405
28.173183
28.829243
27.467941
28.254643
27.299031
25.267871
24.797622
26.789107
25.114889
26.947175
31.013277
24.507122
23.236555
24.558977
26.343586
27.573408
31.690358
33.606914
32.296479
32.58083
33.180678
33.541582
33.705668
33.043887
33.319199
33.748639
35.603754
36.287373
34.653735
31.295477
28.695917
25.004395
24.895594
25.317786
22.360064
22.671511
24.235243
24.069266
23.978504
24.294005
26.255986
28.437327
30.177813
30.334419
30.827374
31.685602
32.831142
34.379358
36.14774
32.811507
31.416871
30.851822
31.134797
33.345789
34.607637
34.59945
31.716308
30.151719
30.208034
30.54702
30.587457
30.735641
29.412886
30.188202
32.753726
34.244154
35.683324
36.373816
35.967657
34.356275
33.740507
33.9745
34.790545
31.589501
30.125931
31.434158
30.461742
29.303478
29.240792
31.579427
28.034101
26.901387
26.529617
25.180203
26.646418
26.501784
25.384191
27.688894
31.124384
33.32606
35.123271
36.519551
36.951813
34.534918
33.055615
32.698823
33.495935
32.550497
30.604488
31.844459
30.606457
29.357328
28.77584
30.704272
31.908466
31.09171
29.356401
29.066207
29.850174
30.100238
33.343526
34.74026
35.292225
35.727153
36.719742
37.781226
38.944196
40.291966
41.93674
43.12743
43.735127
43.980669
42.454101
41.915175
39.941815
40.197924
39.862461
38.714057
39.436195
40.269303
37.553529
36.441373
35.31239
35.09532
35.02483
35.143453
34.671462
34.900951
35.387741
35.65237
35.945227
36.101146
36.280469
36.46539
36.770402
37.120852
36.213863
37.387163
36.293372
36.568963
36.861953
36.773819
33.800696
32.547069
30.247779
30.495031
32.014091
31.94801
31.2132
31.289244
31.512614
31.048001
30.183516
29.516871
29.934287
30.340938
30.746857
31.4718
31.558268
27.152823
26.241632
26.832991
27.158428
25.050544
20.843922
18.70714
17.2866
16.13252
15.753322
16.150662
16.507665
17.066084
18.001107
19.645926
22.247363
22.34497
21.301078
20.717366
21.194431
21.595075
21.848852
21.990474
22.253981
22.813002
22.594194
22.166806
22.49753
22.160653
21.234367
20.606804
20.796953
21.55983
21.442947
22.437187
23.131717
22.824265
22.819249
24.957604
29.272691
31.646469
33.27307
34.643059
35.792468
36.625108
36.006062
34.146123
33.965998
31.124997
30.653196
32.093508
31.081602
30.929287
30.600353
29.063824
27.586398
27.304063
28.010349
29.109225
28.582568
25.334694
21.936642
22.825918
25.267121
27.182204
29.177014
29.873664
28.018876
28.174766
29.079184
29.887188
30.93464
29.290113
28.367035
30.083373
31.518553
32.566381
33.326568
33.445459
30.796902
29.881991
29.657414
29.505049
30.565
30.197132
29.294326
29.901235
31.543697
32.572923
32.63071
30.780566
30.339276
30.291454
30.520097
30.330818
30.192903
26.244143
25.264113
28.22083
31.296127
33.847719
34.717204
34.833277
30.712688
29.077957
30.100575
29.374588
29.175311
29.591068
30.164533
31.87469
32.318344
31.583229
31.550849
31.516237
31.589276
31.638096
31.861221
32.509476
35.208244
37.575485
36.545359
35.464232
34.501133
37.302663
39.217379
41.452209
43.190669
43.990742
45.072014
45.540722
45.19327
44.868453
44.566398
44.129129
44.061289
42.835331
42.278118
42.005474
42.079845
42.283009
42.686485
43.207933
44.296161
43.670529
41.836452
42.802331
41.074149
41.528566
42.098158
41.420425
38.707326
36.353801
36.663852
37.644646
38.391134
37.648715
37.300724
37.513808
37.089813
37.084711
38.376568
39.345684
40.467127
41.250552
42.1226
43.038447
43.808099
42.546499
40.102598
40.663902
41.299979
41.649682
41.731569
41.683469
41.648516
41.279985
43.734841
44.673154
44.834175
45.625134
45.466247
45.48292
46.235534
46.126358
46.199579
46.426441
46.767885
47.199224
47.572248
47.832315
47.884253
46.277977
45.632392
46.252541
46.607396
43.925985
39.10779
35.011727
34.823655
33.989915
34.982701
35.932855
38.095301
37.817578
36.219343
37.075968
40.104485
42.041181
42.411655
42.524738
43.62732
44.113942
43.003327
43.124725
42.054176
36.232334
33.550483
35.683292
40.692775
43.708627
42.239354
40.156725
40.274022
37.641011
31.446394
31.079539
32.37749
32.885689
33.032306
34.354589
35.353623
39.170678
41.7054
39.839279
38.553925
38.053629
37.974847
38.343801
38.851375
35.832079
34.422552
38.012444
36.504774
34.27903
31.177442
29.137456
28.893372
29.027105
36.063149
42.607934
36.104001
33.926901
36.493615
31.760868
31.478872
33.289036
33.67722
31.142776
30.463796
33.044921
34.146763
31.961809
31.611149
33.46436
33.843422
35.060832
32.106147
28.905997
25.251156
24.346684
28.019969
29.526652
23.840483
23.253374
24.133392
24.281053
23.639908
24.434728
27.583622
29.921683
30.12298
27.403288
25.539911
24.619601
25.000023
27.868372
29.518019
28.68433
27.354917
28.379897
28.801018
27.49649
23.038179
21.004961
21.115541
22.905161
22.366519
22.850844
24.492477
23.031495
24.025284
30.068252
33.323159
35.755431
38.029461
38.280916
37.211333
35.858059
34.433917
33.003997
31.423759
31.335541
29.025076
31.023773
32.352762
30.702543
25.760609
27.566085
29.732229
29.114446
28.594406
27.431562
28.370334
27.855669
27.594882
30.253056
33.266505
35.619077
37.331168
37.841927
37.940485
35.13977
32.951194
31.647613
31.241878
31.848811
31.356036
33.616388
35.258342
34.150665
32.051463
33.235828
34.318857
28.565355
28.138756
29.206263
33.01502
35.773913
36.841918
36.317113
34.736899
37.552489
39.359357
40.493473
41.119395
41.428923
41.540783
41.59171
41.784872
41.795243
41.885595
42.426276
42.703165
43.770512
50.079618
50.325392
50.393616
50.288015
50.005707
49.203317
50.304451
54.040149
55.769578
52.252934
52.271381
51.352663
49.276734
47.538922
45.579027
43.733262
43.728151
46.627602
47.480743
47.269002
50.766319
53.822955
52.614976
51.452272
48.691214
47.236366
46.301867
45.625224
45.472649
45.136869
45.020514
44.625033
44.483487
44.369296
43.162818
44.153803
46.230513
47.33255
47.983123
48.279378
48.342229
48.155625
48.62865
50.490011
48.24458
49.512347
50.604308
53.235744
51.778292
49.600773
45.806365
41.89051
40.486227
39.510591
38.055177
41.174916
42.235964
42.503525
42.609012
42.692787
42.791432
42.467138
42.001461
41.529657
41.004893
40.600968
40.748754
37.764815
36.116965
37.346615
37.409537
37.164613
37.179162
35.992013
34.916563
37.717309
41.696905
42.252657
42.187851
43.227694
41.939929
39.572727
38.484677
37.381319
38.451715
38.783803
39.372681
40.92135
41.677654
41.114473
40.501319
34.481728
32.578918
34.236176
38.731683
41.993766
43.417588
43.947726
43.480309
39.956871
38.898631
38.61727
38.652299
39.139625
41.007944
42.922844
40.922524
38.678746
38.769392
38.565209
38.17906
37.807705
37.410354
37.140029
37.551219
33.653224
32.26962
32.937128
34.40096
35.785119
35.173474
34.083537
32.904532
32.461792
32.863604
31.854857
30.818369
30.857228
32.333323
31.759778
31.48038
32.80658
34.161401
34.990687
36.658773
37.38973
36.036793
34.658343
33.976955
29.01372
27.419962
29.649763
33.303936
33.902321
32.472634
31.356543
30.556315
28.805302
28.46061
28.491061
27.612886
28.612834
30.275109
32.096389
32.770413
33.952865
33.887986
34.767847
35.478031
35.732285
35.614758
35.505285
36.636615
37.586673
39.053798
41.319869
40.874757
38.229305
34.491464
30.023851
27.418468
26.240811
27.391203
28.039084
28.966003
29.651697
31.216365
33.242004
35.73854
35.05018
33.941515
33.299498
32.716715
32.277325
31.896049
31.520191
31.747811
32.039998
32.036036
34.957728
35.218051
37.842663
31.986227
29.277205
30.497125
31.019544
30.144186
30.501555
31.516531
31.961284
34.590502
39.241728
41.885205
46.838699
49.291794
50.468721
50.532731
48.777242
45.20413
43.381093
43.147369
43.233451
43.75412
43.377341
40.49352
38.064282
36.5998
35.557947
35.529746
37.861991
38.221172
36.976753
36.954079
37.473703
38.536317
39.667212
41.862192
44.929601
44.333802
40.683884
40.501991
41.426631
41.851268
40.51625
39.463727
38.670092
37.332543
39.054374
38.912498
41.600324
40.07268
33.126076
30.627613
33.023987
34.380773
35.553824
36.724952
36.22671
36.002798
38.639091
41.494773
42.648352
42.603796
40.687812
39.591325
38.77481
38.01066
37.772671
39.188525
39.565178
39.405977
41.701618
43.417048
39.753233
41.932479
44.02872
44.764646
45.110212
45.407255
44.827042
43.855978
41.961476
39.817314
40.487304
42.251907
41.530215
40.757777
40.379151
40.486769
40.466027
40.36875
40.44033
40.442435
39.142845
39.054636
39.634395
42.813316
39.939351
40.082943
40.181858
38.063307
36.793174
35.684501
35.899432
36.109861
34.374966
33.627953
36.068228
35.295248
33.197293
32.337379
32.083558
32.634711
33.780018
34.820792
35.468465
35.834871
36.047929
36.895237
39.819419
38.325736
34.243789
30.142401
26.10232
24.699824
25.579916
26.711299
28.524896
27.674827
27.016439
28.093987
27.869371
30.946819
34.177208
34.751704
35.030736
35.152566
36.268338
37.648897
38.944171
39.541596
40.774364
40.652087
41.298633
42.086512
44.207742
43.914806
40.488917
39.184139
37.394698
34.597719
34.026188
35.429819
36.212336
36.594112
38.010998
38.049174
41.05459
43.547247
44.338143
43.397328
43.038697
44.18714
44.847789
40.8812
35.263123
33.612187
35.945162
40.105253
44.007873
44.954855
44.466105
43.102881
39.821642
40.671513
41.670173
42.196797
43.396253
42.992666
42.158267
42.183631
41.368749
42.254902
41.99478
41.769321
41.799036
42.242621
42.820217
42.752508
39.191429
38.429922
40.156276
41.801191
43.456495
43.473526
42.936189
38.776366
35.672294
35.145533
34.702838
36.208677
39.202593
39.179144
38.81419
40.249129
41.179225
42.211855
41.950903
40.754517
39.812684
40.002018
40.951238
42.45353
39.75379
37.749121
41.584459
41.112393
41.376405
40.927006
43.183718
44.772659
46.329076
47.997034
50.091589
51.989714
51.046533
48.760696
48.550605
50.134474
50.4182
50.505402
50.519803
49.443279
48.726082
48.031766
47.219067
46.522119
45.557387
45.800359
47.934467
54.53238
57.377347
53.311062
51.199787
48.524833
46.489605
45.626878
44.877645
44.495877
43.26862
39.814217
33.313825
30.588043
32.851598
34.854578
37.079638
39.502791
39.353977
39.771082
40.819075
42.359938
43.113839
43.481102
43.032319
39.681344
37.675274
28.632175
25.970081
25.101969
24.7873
25.489759
25.498183
24.413885
23.72588
24.200542
24.726516
24.16967
25.925252
29.826933
30.149592
30.432207
30.729701
31.724347
32.789609
34.81288
35.679637
34.694709
37.095314
38.067742
36.93972
34.104319
34.187693
30.148738
27.780058
32.279662
33.955505
33.989505
33.945232
38.712917
41.876578
38.254675
37.506271
37.399766
37.489716
37.90647
38.774629
39.628869
40.539393
40.400241
40.203176
40.520686
40.190451
39.401537
35.324451
30.045396
31.052974
31.225522
28.777764
27.328906
26.148364
25.099204
25.017075
31.038492
35.963569
35.952923
36.596323
38.257076
38.486238
39.302223
41.060837
41.40992
41.465995
42.767747
42.310583
42.414751
43.854577
43.252949
45.263077
41.986606
38.080032
35.613271
36.584223
41.552292
39.298773
47.44556
47.562557
40.794494
40.316698
42.557311
44.469023
45.121746
45.844273
46.027315
46.133868
46.42895
47.102279
47.704389
47.986954
46.455272
47.432117
45.718725
44.730964
42.145397
37.906024
32.343521
26.331822
24.821908
24.154222
26.080104
26.754978
30.5793
36.838382
37.605765
36.882991
38.825269
40.402282
41.409752
42.403305
43.790234
42.997703
42.123146
41.567509
40.006695
40.319248
39.395307
40.891838
39.534441
39.24768
38.941054
39.925132
39.906752
39.089294
38.638137
37.547108
36.705784
46.169629
48.457871
46.130435
46.006657
46.446004
46.409964
45.303172
44.343127
42.924782
41.968463
41.39325
41.25017
41.751727
43.184784
40.231147
33.560438
36.194179
37.772976
37.29101
38.057887
39.128554
39.478496
37.222348
35.386814
42.861865
42.106256
40.583543
40.691261
41.793627
42.382091
42.247626
41.347696
39.666609
38.473675
37.610727
36.193986
36.687975
36.725194
37.475243
37.512247
37.276601
34.904131
31.830823
31.504351
30.424821
29.26114
28.807676
29.860352
31.327282
33.724357
35.083304
36.102512
36.179675
36.714669
38.1106
38.571082
38.261269
37.425716
33.874412
33.353269
37.24993
39.484413
36.552033
25.759686
21.090848
17.850431
15.067064
16.443831
18.348261
19.490589
20.67093
23.960417
28.929635
27.986658
26.988751
28.774637
30.504102
32.262657
33.654276
35.885135
36.245523
38.274709
39.484599
38.638585
38.390024
38.058377
32.534564
24.24546
24.384967
24.753551
22.897319
21.75163
21.31748
21.061809
20.773835
23.029849
30.522462
34.788245
35.771373
36.455703
38.310514
39.620227
40.994016
40.497446
40.001978
39.769277
38.720765
37.29786
35.332553
40.10647
43.76617
47.074234
48.365725
47.701611
46.459768
45.281121
44.461901
43.851288
43.662542
44.842451
46.887958
47.491915
46.742866
45.326426
44.989956
45.269228
45.999286
46.928871
47.262177
47.538493
48.356742
49.327418
50.354781
51.614322
47.214268
39.272071
47.154726
52.652601
51.366345
51.189441
52.360593
54.215683
51.1366
48.545874
47.339969
42.846368
42.150043
44.93708
46.908143
47.522448
48.153623
49.457425
49.850949
50.24474
50.198384
48.214436
50.527694
49.981898
51.477637
46.200389
49.366541
49.448381
46.66346
47.968714
52.419611
62.196035
62.720321
50.578166
49.039017
45.810292
44.192832
45.444371
46.731691
47.206775
47.610823
48.241674
45.946922
45.035494
45.073213
44.62902
45.865461
43.996519
36.368638
25.879708
30.940675
33.739302
33.059781
32.962656
32.574008
21.259164
17.491562
20.79984
25.82981
25.940732
26.094889
29.623253
34.06957
36.698705
37.27058
38.324648
39.211332
39.419271
38.983577
36.568651
38.678741
40.160171
42.51495
35.751649
32.795418
23.673748
19.370101
21.944668
19.938443
18.307026
19.841711
24.11299
27.411952
30.63438
32.591627
34.072496
34.581636
36.242896
36.472134
37.404069
38.529369
39.814997
35.990259
32.330279
34.545797
37.035458
39.093824
39.666878
39.23976
38.58353
36.829563
36.133094
35.829654
35.910231
36.057155
36.759616
38.00051
39.799585
40.797291
41.103635
42.688375
46.223747
48.888812
48.102203
45.915183
44.818447
45.039556
45.299868
46.082312
45.424133
42.564363
39.168548
37.679693
38.289877
38.574441
39.257878
39.200932
39.645259
44.317419
47.121091
48.24398
49.368114
50.999647
52.108608
52.008025
51.726944
51.901462
52.266575
52.858546
53.742548
52.660044
49.594586
50.3513
49.559304
51.443646
52.492505
53.171078
53.182542
52.562774
53.047465
53.72693
51.900918
51.631779
51.91546
50.197061
50.740006
51.257934
50.278812
50.503821
51.067245
50.38001
48.621197
47.063456
45.148029
40.893435
40.292888
44.25194
44.937056
45.908812
45.477186
44.751578
42.167727
38.822765
42.257867
43.501348
43.595136
41.727969
42.602769
44.005402
44.692675
45.82157
46.480241
48.371571
48.789413
48.071099
47.187949
46.773927
46.79683
44.641379
42.655378
48.334148
47.417985
49.104496
46.477767
44.472759
41.296526
38.255521
36.726181
36.484415
38.754712
42.475291
43.847509
45.505685
47.557781
48.285835
48.156317
47.517298
45.394116
44.205846
45.268004
45.060658
44.095906
39.414653
37.478231
38.899242
43.84242
46.385758
37.611132
36.262637
37.369411
32.992894
33.959977
35.116025
36.218279
39.67332
38.604954
42.550175
45.61284
47.50481
48.76271
48.588668
46.796153
44.746783
43.547941
41.616029
40.793355
39.185625
37.530802
42.257851
43.644923
42.944981
32.180293
33.6386
30.949406
24.267599
27.088442
30.536152
33.145623
29.325944
31.451732
38.690172
38.442278
35.789425
37.942493
39.328128
40.471715
41.184417
41.768383
41.781794
41.972773
41.687545
39.705606
40.959862
42.073206
38.20289
26.660503
30.352348
32.531112
30.85148
29.379466
28.782016
28.538574
28.021918
31.621728
39.377361
33.368632
32.911913
36.835671
39.209659
41.458405
42.843112
43.896732
44.493577
44.430362
44.480537
45.164921
46.083966
45.775477
41.187477
33.899653
33.954873
34.583103
32.43708
31.21567
29.921072
25.916602
22.760589
25.407514
35.109574
36.087268
38.112174
43.318935
47.273677
49.152677
47.697424
48.294094
49.718997
50.219053
50.108042
49.663351
50.772304
50.059312
54.422016
54.389847
54.452613
54.319864
54.611117
55.877275
56.147792
52.023345
52.403694
55.773714
53.047254
52.089291
51.345681
48.68726
44.696989
40.401185
36.347861
34.879771
34.935306
36.327176
37.53795
39.641921
42.406929
38.652482
43.065499
50.851783
52.059054
51.282178
51.405409
50.314973
48.731207
51.237983
50.827738
50.419739
47.174391
44.032091
47.771551
47.753204
44.975937
46.33222
48.356674
49.526757
49.914946
49.309899
48.821214
48.115001
44.896264
41.958592
44.959106
45.195106
45.811721
47.376983
48.53913
49.329374
49.068982
48.484095
46.932004
44.592864
45.770909
44.042325
41.608389
44.885839
45.900129
45.360216
44.848581
45.275049
44.725917
44.372286
44.406663
45.145196
46.048474
48.905878
49.1758
49.039634
51.249418
51.122595
51.471814
51.598232
51.660032
51.839087
51.388353
57.251793
49.954958
52.730252
52.548301
53.134569
53.706504
47.984668
48.880379
49.447276
46.584324
43.898742
42.546036
44.014286
46.364524
46.18198
41.507056
45.395468
56.143593
53.510903
45.692709
43.882243
47.916267
53.560484
57.755931
57.46595
53.565918
51.323283
49.576377
48.891021
48.902211
49.951393
50.216691
50.677937
50.906494
50.259139
49.578877
46.681345
48.320181
47.719655
45.443936
43.091564
43.714263
46.855181
47.164169
46.909406
45.28492
44.428834
44.329044
44.008613
43.369907
40.991584
41.012728
42.276061
43.638218
45.471989
47.489223
48.253628
46.921725
47.839317
48.494285
49.021432
49.473802
49.965567
49.009682
47.751007
47.561565
47.387263
46.566232
43.930594
40.485273
39.337542
42.432226
47.494504
50.853115
51.862071
51.071625
51.075118
50.661916
50.534791
50.829002
50.180196
48.191702
44.815951
38.709426
36.754432
38.115497
42.77498
45.627224
44.562324
43.351747
42.327191
38.484678
35.417501
37.952031
36.543086
35.16802
36.190523
38.815279
42.560657
43.622632
44.464403
44.759024
45.333323
45.143725
44.161356
43.771098
42.888869
38.698568
36.782811
37.97179
37.126229
35.982358
38.133342
38.377505
36.572279
35.217266
37.084744
34.130137
35.609217
37.374558
39.754144
42.261883
41.512
37.604069
38.313152
38.855028
39.376573
39.21514
39.335038
39.872428
40.280226
40.136859
39.482203
40.580559
46.00237
47.353691
47.185023
46.082815
44.42104
43.696472
42.158106
41.376086
41.315767
41.642988
41.427647
39.679616
38.989349
38.554999
38.200472
37.29832
37.498036
37.44201
36.941722
36.317142
36.538585
38.701052
38.667381
38.381082
41.117929
41.623814
40.339696
41.477121
42.731436
44.239717
45.162749
46.077077
46.843266
48.124366
51.008637
53.053937
55.092315
47.192514
43.844197
43.333591
44.167496
46.359127
46.080528
44.642208
43.843032
42.633833
41.115852
40.062786
43.752303
41.569191
39.07016
41.028877
42.767409
45.537639
45.34654
44.735878
45.324666
45.642612
45.473615
47.446034
46.258747
47.905597
45.168637
39.483038
37.052095
35.708895
35.098204
35.475198
35.458303
35.150802
34.138011
34.882172
36.912101
34.724047
31.271399
32.471374
33.13051
33.898083
33.254103
32.802077
33.23051
34.178071
37.239313
40.651969
36.433669
37.748815
37.665807
34.685451
32.468609
31.69107
32.542725
33.333416
34.181843
34.800963
35.276923
35.768504
33.866063
34.144604
35.307809
34.975524
35.286271
34.982303
33.573375
31.591134
31.926921
33.24715
37.144729
43.267122
47.284122
40.206611
34.804823
32.848261
32.105186
33.34237
37.77962
40.363496
42.27263
43.618111
44.517438
45.26853
44.339853
40.123313
38.12396
39.262526
40.322134
42.126943
43.435685
47.768872
48.985435
45.132612
44.662792
44.448986
44.140561
42.981852
42.90359
43.613022
45.237545
46.499979
47.074307
47.364269
47.800654
49.101938
48.794931
48.434744
46.35621
46.340333
46.517982
45.633726
43.455649
41.642136
41.590006
40.980803
40.795353
41.368932
41.206763
40.927597
40.589119
40.98325
42.001724
41.965149
42.49822
43.717673
43.985683
44.651103
46.337483
41.519559
38.090085
39.313454
43.222169
43.984305
42.754821
41.518626
41.351825
36.904483
36.258939
38.15303
41.277799
44.13635
44.3012
45.158582
43.530703
41.174177
41.882662
41.153725
41.30635
42.230555
42.73414
42.172096
39.14967
33.378175
31.388483
32.931972
39.349486
43.124072
43.028092
41.893474
39.320625
36.326185
35.347489
34.734927
34.669892
37.209857
39.379993
41.225494
42.350888
43.230571
45.030353
45.729106
46.982389
47.214918
47.672092
48.316755
48.539349
44.253242
41.656
42.191834
41.263295
40.11915
39.160339
36.972883
36.729164
36.635579
35.63908
34.374674
35.063346
33.079578
32.767052
33.570467
33.569122
35.067204
37.270384
38.953544
40.089923
40.249721
40.43868
40.353799
40.481003
37.634352
35.971062
38.328766
36.976967
34.172301
28.452035
29.035851
31.852791
32.965747
31.573647
30.922872
30.833299
31.854246
32.104576
35.221207
36.463502
33.826908
32.611071
35.891898
39.281033
41.314708
41.969803
41.717874
41.894342
42.993604
43.804503
43.806433
41.167767
39.864234
39.974643
41.012046
43.351039
43.194882
39.657202
43.38615
49.229518
50.834211
49.25082
48.352967
48.19254
48.321018
48.684782
49.192655
49.581057
50.127461
51.367465
53.256633
53.88937
52.705633
47.819521
45.532779
45.519007
46.167879
46.188619
45.232043
43.211205
42.161781
40.568483
39.549399
39.773166
38.920511
36.006403
33.783277
33.54201
33.380938
37.583021
39.768657
40.498852
41.348681
42.320446
42.312429
36.19053
30.72353
28.002306
28.543042
31.319984
33.691462
34.965608
35.149771
33.542198
31.517523
32.188753
33.057495
33.060322
31.975425
32.843858
33.027605
32.21942
32.089743
33.489942
34.487375
35.498322
36.657094
37.243833
36.585406
33.485755
28.413893
26.024534
27.508202
30.457917
31.985609
28.745955
30.124709
30.379545
29.917847
31.118355
30.943892
31.139589
30.413158
32.290571
33.749237
32.948861
31.778738
32.912929
34.616793
36.322077
37.690815
38.651351
39.196672
38.987446
38.091592
35.110493
36.683875
39.011142
42.730364
36.802137
31.405105
33.060936
31.210145
28.21361
30.882529
34.227231
35.981916
37.046928
40.681897
41.100713
40.417349
40.138346
38.558775
39.047361
39.847148
40.523683
40.395883
40.399474
39.850283
37.891025
38.513366
39.143755
40.100644
39.882712
38.50112
34.664208
31.521127
33.798265
38.699462
42.052096
44.544814
44.942298
39.901906
40.933985
39.124384
41.276416
42.288444
43.812353
45.475779
45.16656
44.161147
43.745196
44.051629
43.561079
44.670231
48.240439
48.588944
50.405489
50.872451
50.297947
50.235484
50.194614
50.097053
51.539085
53.274535
50.235729
44.242536
42.265878
44.704178
46.600744
47.726393
47.884925
47.958382
47.619159
47.59482
47.981805
48.373283
47.492452
45.968174
44.461296
42.543916
42.606987
41.328257
40.925797
37.766455
30.623615
33.078335
36.275045
38.369242
41.030783
42.691838
38.285491
35.953511
33.580502
33.549646
33.054829
34.024514
36.306465
37.06884
37.657202
38.314718
37.888697
38.981676
37.52972
38.992729
42.913078
46.051502
45.895574
40.723098
40.725445
38.940575
37.158352
39.207458
40.396616
36.951245
38.678205
37.257052
35.537295
36.915898
37.594188
36.004505
34.871405
34.70612
37.049351
38.68034
39.832239
39.916051
39.531276
40.330893
40.38884
40.649708
41.552931
44.595439
44.935393
45.323007
40.73998
31.477392
32.591056
31.826915
28.514376
27.934738
27.790557
27.897582
28.189483
28.273168
27.868801
28.413494
30.283978
30.865309
31.606487
31.387514
29.497631
28.2652
27.718147
25.186114
26.650808
28.313774
29.539937
28.759837
26.278627
24.30648
22.03917
22.944463
22.597141
21.890685
22.576603
23.065714
23.366385
23.780322
23.884886
24.253141
25.326293
25.877616
25.167916
26.102421
26.038938
28.263624
27.661686
26.653801
25.898203
26.951017
27.269857
25.995531
25.298537
23.123247
22.97055
25.332674
26.501628
27.674924
29.928309
32.585382
35.785346
39.219087
41.822587
43.778528
45.118467
46.109508
46.683548
46.645002
45.564099
46.653807
45.201612
43.404824
42.053244
41.66833
43.168924
43.870413
43.59089
45.820236
47.292372
46.899961
44.598939
40.894328
38.038468
36.977048
37.374763
34.328055
32.530448
33.160893
34.838093
36.469632
36.913182
37.678561
37.4683
36.527446
36.684848
36.479642
36.794431
36.552164
35.610439
34.695891
33.275077
33.103293
35.422596
34.160285
31.684684
31.343021
31.200549
31.623898
32.357484
31.782382
33.534141
32.991762
34.374553
35.710807
36.70268
37.026714
36.648191
37.101549
33.496943
31.269478
33.512433
36.080931
37.152536
37.751378
36.870112
36.478434
36.514787
37.307777
38.155065
39.074257
39.893908
40.686596
40.679388
40.926239
42.047914
43.13982
44.040607
44.7519
42.536189
42.741786
42.657346
43.531701
43.665964
43.767638
44.056169
42.571884
42.452564
42.781023
43.505112
45.559603
45.482361
44.30775
43.296569
42.743354
43.799482
44.798015
46.257867
45.934239
45.673786
46.830303
48.091721
42.009025
39.018576
39.032197
40.893349
42.919952
42.826066
41.461293
41.885448
42.701594
42.446148
38.259969
37.652451
39.002305
40.030809
41.43431
44.540919
44.079176
43.59469
43.096543
42.441472
41.506494
40.711392
40.962139
41.667282
37.39357
35.284792
36.064098
39.307143
42.151402
42.58834
42.502552
38.751355
34.607707
32.951054
36.94207
35.881181
36.452511
38.679763
39.951464
37.937545
36.991397
37.503194
37.946289
38.19777
38.881316
38.922561
38.701283
38.104332
32.161767
30.071147
31.985803
37.350018
40.109096
38.874335
36.384965
34.985635
34.575168
30.758367
26.865197
28.26641
32.409399
33.511974
33.758897
34.501971
35.018908
35.120326
35.77273
36.407988
36.766235
37.186649
37.933109
38.661962
36.473299
35.042719
36.008502
35.814926
35.690081
35.504946
34.115906
34.199714
33.945865
30.451981
31.12767
32.072026
31.838708
31.843052
32.022893
32.344634
33.104732
33.64215
33.865438
34.349717
34.778166
34.58616
33.951934
33.485315
31.425947
29.922045
32.727679
34.449761
33.768588
36.052069
35.438664
32.958325
30.444622
28.430335
27.537262
28.200763
29.100106
28.796121
27.972868
28.155043
29.810024
31.359247
32.530842
33.335631
32.901789
32.779071
33.803846
34.327466
34.95972
35.498157
36.172687
35.749844
33.193042
33.165524
33.842889
33.597249
31.642184
29.33338
29.285901
29.260827
29.155943
29.769534
30.391607
29.810914
29.459633
28.092525
29.018443
30.285588
30.792989
31.682769
33.29767
33.758102
33.388058
31.559767
33.860004
34.105725
36.592738
35.522195
33.515462
32.28895
30.088173
30.133637
30.152138
30.151874
29.600493
29.390517
28.878194
28.881488
31.950984
35.460143
34.887377
32.57147
31.78116
31.589651
32.813605
35.446081
36.521232
37.582902
37.805458
37.05836
39.125259
37.087824
36.98024
36.754634
37.160823
34.992517
34.259543
36.795204
37.429488
37.609798
36.567601
36.657809
36.703154
36.959057
36.952171
36.450976
36.89391
37.606925
38.159767
38.893481
40.843807
42.00166
42.641913
41.585026
42.223027
42.184004
39.217774
37.430889
38.096204
34.000013
27.810218
27.138105
28.63516
30.634657
28.57652
30.084077
29.924337
30.612643
30.286537
30.046822
31.650314
33.386236
34.432209
34.841487
32.623868
30.259814
31.161767
31.403262
31.60918
27.36921
24.836432
24.889544
26.188442
25.960781
25.956367
25.31443
24.832902
25.204961
24.238665
23.568649
23.774083
24.127991
24.931363
26.17058
27.910669
28.939215
29.322138
29.478497
27.345138
25.747141
27.217222
27.852901
28.608257
27.301805
25.600705
24.986563
26.659351
27.777855
28.571769
30.086517
30.368384
27.222158
23.486325
25.699508
28.377253
29.446423
28.660383
28.076082
27.532523
26.911442
24.787461
23.422279
23.801238
22.559822
22.925351
23.415461
28.34231
26.068705
24.017656
22.049526
19.876365
18.261215
17.618746
17.268003
17.822473
26.519496
26.419598
21.42567
20.487069
21.655897
21.917302
22.871477
22.058462
21.573014
21.693214
23.165667
24.88433
27.147505
27.881333
27.271908
25.027219
27.2016
28.17184
26.553331
23.641775
22.344292
19.965387
18.406793
18.449128
19.04993
19.018535
19.301793
20.192209
22.443781
23.598507
23.154509
23.388968
24.044883
25.229843
26.106645
27.386716
27.789707
29.829486
29.195433
28.513391
25.386949
21.2798
18.418325
18.695557
23.494358
29.804611
29.456942
28.43143
27.363644
29.001741
31.021188
32.553522
33.102277
32.983259
32.809468
33.413507
33.374164
32.168315
32.072232
27.407051
24.448746
23.623093
24.693057
25.857653
27.082942
26.409472
24.590222
24.124727
23.767072
22.993597
23.707415
24.854818
24.680422
25.120576
27.393381
28.601324
29.40511
29.670685
30.658489
31.487056
32.005931
33.379432
34.361433
30.217363
28.809274
29.550136
31.716418
32.217962
32.592696
33.233256
32.677403
31.625947
31.402146
31.25921
31.678892
32.402451
33.025797
33.155754
32.071655
31.218838
33.796744
34.50985
34.080958
33.83767
33.932495
34.900803
35.066748
30.432547
28.048475
28.44284
31.800483
35.715218
35.892264
34.500202
32.624583
30.680883
29.461807
28.537164
28.572071
27.757061
28.41272
28.348646
28.629236
28.613155
29.287592
29.248528
29.647129
30.863589
31.187773
31.887042
31.256482
27.548037
26.618032
27.789314
30.879412
32.013223
31.640154
33.533978
34.488721
33.750352
33.563197
34.776796
35.809016
35.942114
34.653337
34.443792
35.08577
36.479777
37.337717
37.526552
37.082218
37.363566
38.106989
39.21557
39.68578
37.692747
34.45303
34.656128
35.959091
35.716142
35.184204
38.463303
37.844645
34.409608
31.682463
29.57321
26.023516
23.606078
24.122909
27.428088
30.279587
32.379104
32.552405
30.981064
31.69083
33.419299
34.336384
33.958301
34.537693
35.575527
35.442465
32.841346
31.413487
31.037099
28.286571
25.611188
22.637729
21.436883
20.83144
19.035486
19.52833
20.634124
20.767088
21.397547
22.248527
23.758161
25.000946
25.907892
26.019926
25.578346
24.84326
25.904524
27.25149
24.364379
22.817877
23.854721
26.282596
28.556805
29.694019
29.959342
29.941452
29.319716
27.131642
28.579331
27.86398
28.335385
31.527488
30.959327
28.805363
26.611385
26.094164
25.346167
26.06451
27.061634
27.469608
28.764079
30.560534
29.826183
27.659456
28.19016
27.773089
29.055539
28.249526
27.34346
25.313776
23.694385
23.603084
22.978202
22.875773
24.593174
24.46417
24.386576
24.929417
25.749325
26.581522
26.861346
26.895254
25.122783
24.008698
23.840134
24.864718
24.692012
24.0257
24.95018
24.7478
25.991814
23.341047
20.52024
19.547558
19.586053
20.918552
21.86303
23.750414
24.55002
24.018836
23.819438
23.859708
25.453061
28.112341
30.031297
31.191148
31.425782
31.357286
31.359466
31.33303
27.429667
25.365643
25.70227
25.534333
25.920443
23.779131
21.713733
20.907086
22.023752
24.547106
24.032077
25.628838
26.449011
25.791191
27.473105
29.003455
29.125996
28.779483
28.723163
28.27371
27.729618
27.830172
27.212813
25.685156
21.589429
20.210546
21.617821
24.684726
27.085617
27.309808
25.551115
23.301867
22.076006
22.158287
24.355986
28.021736
29.059672
28.451394
27.835724
27.275303
27.395942
27.776855
28.102657
29.472366
31.255821
32.433563
32.767833
33.038569
29.774238
27.911322
28.02573
29.072772
29.898833
30.096588
30.574926
30.471288
30.0303
29.781294
29.639747
29.544973
33.56154
35.545213
35.613928
35.962788
36.526551
37.616858
38.902499
39.680265
40.003123
38.976304
37.408107
35.79616
34.123349
33.823884
33.130203
29.521746
25.144549
19.054369
17.051059
18.248001
16.573775
16.195162
16.448508
17.169684
17.235359
17.907642
18.691731
18.585548
18.693723
19.334189
19.203674
19.68599
19.726239
20.709191
21.939458
21.420096
17.697649
16.979687
20.08682
22.625019
22.850742
21.292602
22.413143
22.143479
22.206939
23.83266
25.548434
25.315108
25.175693
25.60128
24.690916
24.177936
23.996199
23.774068
24.022717
25.283639
25.33581
26.600697
28.75068
29.299084
25.5795
24.363416
25.512826
24.61143
22.922735
18.741748
17.236078
15.963927
14.950867
17.087542
19.878537
17.617096
17.077654
19.160861
19.80534
20.948055
22.559378
23.994846
25.320799
25.657846
25.549372
25.614959
25.125747
24.364008
21.426227
19.318436
18.997229
21.296474
24.11069
24.738201
22.454968
21.771244
21.787203
21.837706
22.190067
23.043859
24.726035
25.707616
23.28852
22.792807
24.591065
25.089516
25.147307
25.42954
25.896925
26.407371
26.483371
26.517322
24.058061
22.443712
23.344175
25.320709
27.552363
26.604575
25.063806
21.100645
17.299732
20.271084
20.213338
19.723064
17.021064
16.592383
16.26729
16.479097
16.869151
17.153861
17.123957
17.625857
18.807539
21.794435
24.152996
24.576945
23.757362
23.193103
25.686437
26.701635
27.835591
28.994247
26.831772
25.36447
22.562908
22.33038
22.532827
22.617802
22.375142
23.150923
23.740799
25.485417
27.057982
27.97445
27.74326
26.84634
25.520143
24.748153
24.065498
20.112653
16.105761
14.020502
14.087037
16.725145
21.507283
23.388321
22.417072
19.849297
17.492259
15.726187
14.992157
15.036341
15.267908
16.151864
16.051146
15.820589
16.896906
19.153903
19.819174
19.378677
17.492809
16.517981
17.099259
18.383062
18.747296
16.932339
15.448985
15.783745
15.303632
13.606835
11.168193
10.286303
8.109172
6.916465
7.392439
8.430282
8.955904
11.102546
11.729809
11.491909
11.766572
10.838401
10.53191
11.985759
12.907338
13.473487
14.123795
13.041188
11.877342
12.56224
13.497475
15.722369
17.59263
16.916914
15.406856
13.615602
13.950672
14.928522
15.885206
16.987518
17.559348
17.220444
16.978927
17.239737
18.58553
20.362508
21.534296
21.189126
20.289674
19.788369
20.354365
20.261064
19.211378
19.850919
21.830166
21.222884
22.165007
19.864837
18.503976
17.714191
19.109422
21.468222
22.220824
24.160646
25.671927
24.908219
23.634655
22.832297
21.790121
22.964481
22.675507
22.196517
22.614622
23.211197
23.158604
19.671992
16.435741
14.370015
13.118537
15.010412
16.804994
17.885534
19.752864
20.291604
19.927559
21.604492
22.177878
21.52763
22.630325
22.681162
20.92648
18.866951
17.557731
19.897743
20.01983
19.537671
18.645779
17.391118
16.389098
13.829877
11.290268
9.948592
9.742387
12.181391
15.682878
18.352162
19.750744
18.591222
16.989972
16.950912
17.029025
17.252447
17.064905
16.200485
13.967816
12.424913
11.654293
13.499894
13.004886
12.732876
12.785109
12.595965
12.557705
11.18207
9.91599
9.876798
11.602924
15.452321
21.035284
25.538251
27.971768
27.574407
27.05777
28.665733
31.280849
32.354874
31.192524
28.945564
26.972797
26.275239
25.757373
30.478556
31.755491
28.789798
26.361126
24.026972
22.585209
18.882436
15.620215
13.969135
13.612452
14.324547
15.167209
15.722441
15.807637
14.822613
13.853485
13.465548
13.517214
13.152018
13.752669
15.256352
16.132767
15.26908
14.68396
15.072328
15.514356
15.794344
15.260578
14.718565
14.863643
14.44206
14.607708
16.07129
18.941471
20.306664
18.878011
16.656746
15.480202
14.905256
14.840249
14.784536
15.064437
15.826549
16.778573
17.301612
17.522603
18.549329
18.882022
19.845443
21.665303
22.145503
23.390503
24.08074
25.161345
25.247052
23.290522
23.07432
24.860778
27.461751
27.483
26.566161
24.043687
22.344142
22.442236
21.882405
22.553365
23.167048
23.608575
24.674101
23.892935
23.191722
22.443207
23.240089
24.689785
25.307795
26.271263
26.747748
25.194565
22.775601
20.257608
18.101594
18.017057
19.64042
20.607297
20.183146
18.374938
16.860503
16.205791
17.2215
18.250169
21.548517
22.330857
19.355912
20.364921
21.037101
21.152452
21.954404
23.82478
25.186963
25.581036
25.000211
24.829536
25.649081
23.415739
22.309711
23.230109
25.648918
28.669897
30.560202
31.415164
30.911327
29.772964
30.065964
30.904022
32.28022
33.127937
30.739047
29.114357
27.75215
26.610783
29.069147
30.189957
30.742021
31.256804
31.457371
30.560493
27.064226
23.523011
21.723557
21.795641
24.166079
27.442943
28.61295
27.795959
26.226903
25.628753
24.240726
24.719306
25.519387
26.338766
27.176696
25.792643
24.678066
24.157895
25.250099
25.322227
25.266613
25.042566
25.320658
25.830122
22.33932
18.245335
17.040502
18.014307
21.099187
23.061857
23.840221
24.130715
23.302695
23.076332
23.699904
24.489055
25.508947
26.229224
27.39487
28.002857
27.960311
27.641372
27.82027
26.870933
26.586014
27.083667
26.907145
26.479894
26.203035
22.389054
19.762827
19.772462
20.692529
19.337866
17.843999
16.36645
16.293772
16.209518
14.687068
12.855351
13.809401
15.733487
17.389799
17.619423
17.719198
17.671916
18.822385
20.48141
20.917721
20.390292
21.001107
22.192972
22.778567
22.186949
23.038382
24.735561
25.390163
25.440462
27.904184
31.424318
32.731807
30.92634
29.947223
31.407725
35.524312
38.427268
38.624578
37.841868
36.734382
37.793649
39.04164
40.955589
43.849993
45.221903
46.208472
47.04471
40.659391
35.199089
33.309896
33.801533
35.601474
38.111745
39.658469
40.563618
39.372837
39.102865
39.418449
39.731694
40.531486
38.935048
35.647703
32.974291
31.712331
29.675584
33.571903
34.556203
34.636222
35.523682
35.248513
32.96065
26.014016
21.082122
19.131107
19.003448
21.039265
24.252348
27.119295
26.775857
24.042859
22.386636
21.689082
21.92213
23.355143
25.62909
27.005452
26.578096
26.189183
25.732836
27.08999
28.050915
28.661793
28.680849
29.673253
30.858135
30.183305
26.454045
25.941068
28.203299
31.02624
33.999914
34.232199
32.024746
29.343624
25.807079
24.560649
23.684615
23.828608
23.89841
22.949801
20.269248
18.708533
18.258269
19.884178
20.391834
20.080252
20.264713
20.247623
20.61087
20.495949
18.729776
17.557662
18.287059
20.615228
22.134987
22.512906
20.11622
15.848798
14.253219
13.920818
13.731249
16.177808
18.493029
18.871351
18.054663
19.181285
20.539968
20.640695
22.128332
22.521952
22.827357
24.101763
24.868191
24.053169
19.4546
17.536233
18.067767
20.795744
20.893691
18.339534
16.027105
14.456773
12.092741
12.076692
12.833598
13.007756
13.441971
13.571182
14.261396
15.272526
15.856857
16.103691
17.267965
18.422593
18.261761
17.531807
17.355136
16.262718
13.897929
13.906578
16.063438
17.853953
19.620395
21.195602
21.182878
22.1236
23.012153
23.210823
23.853232
24.587752
26.548272
27.292276
26.387486
27.117471
27.949012
28.675377
30.53751
32.626356
32.124845
29.699687
27.898193
27.19956
26.837869
28.622426
31.421807
33.212397
34.280826
35.11862
35.434483
35.636415
35.878114
35.490373
34.931058
34.129327
34.522476
34.289058
32.024645
29.818795
28.504076
27.390078
25.953585
24.102106
22.079271
20.613323
18.994593
15.507692
13.025608
11.802703
11.507554
12.996406
15.676298
17.721097
18.755021
18.17395
17.961181
18.68823
19.352313
20.213442
18.650028
15.23942
13.198499
11.97689
10.806369
12.403745
11.982728
11.003725
10.459663
10.71589
10.92037
9.504233
8.034145
7.424868
7.727685
9.758865
12.256055
12.830888
13.098023
12.024002
11.060315
11.631672
12.985009
13.747847
14.481191
13.704258
12.021079
10.675969
9.926537
10.687103
10.237515
9.538193
8.551933
7.872275
7.504867
6.405306
5.54814
5.404066
5.937068
8.20598
10.899347
11.790724
11.791369
11.181486
10.407252
10.410576
10.965727
12.737449
13.31061
10.370225
7.762631
6.035724
5.120995
5.822674
5.236902
4.401137
3.801979
3.315988
3.08195
2.654057
2.410788
2.648426
3.24907
5.417433
8.336145
9.8721
10.307304
10.331472
10.356057
10.876472
11.577749
13.216693
13.892335
11.252388
9.062834
7.639213
6.503709
7.31388
7.20728
6.685447
7.168692
7.235714
7.593564
7.245446
6.889437
7.139248
8.632765
12.056519
15.379791
17.671278
19.222328
19.492698
20.392109
22.302983
23.935494
25.514238
25.648633
21.899611
18.727059
16.640747
15.585475
17.418272
17.430985
17.826926
18.861117
19.344464
20.374604
19.529468
18.748961
18.556755
18.824556
18.348693
18.518866
18.27533
17.887303
17.781186
18.363095
18.661426
17.84064
17.324734
21.421418
25.18571
28.179042
30.918133
32.251567
31.393513
28.730087
26.478529
24.089221
22.246792
19.921918
17.82504
16.794746
15.977323
15.543987
15.142279
14.523881
14.124154
13.792479
13.184236
12.495693
11.955737
11.335792
10.947611
10.747218
10.453132
9.879928
9.289766
8.923178
8.727036
8.619951
8.559148
8.52621
8.508377
8.344074
6.732794
5.263402
4.793647
4.970977
6.99912
10.161989
12.453854
13.399552
13.353187
14.121007
15.289711
16.648474
18.680931
19.797099
17.540594
15.768609
13.734938
12.489719
14.31327
14.457337
14.142355
13.221849
13.062926
12.758271
10.721686
9.016914
8.894673
9.504884
11.895255
15.18526
16.674119
16.964542
17.907799
19.763195
22.719345
24.633203
25.58369
25.140182
22.889825
21.504238
20.513717
20.463717
25.716547
31.667837
34.1083
30.850925
27.681456
26.266453
22.555162
18.494585
18.034994
18.227198
20.972749
24.108125
23.877252
23.282716
23.161576
25.056557
28.77614
30.626446
30.560337
28.286667
25.192949
22.890688
21.062368
19.664552
22.182862
22.652588
22.741001
23.006599
23.086052
22.303976
17.654082
13.580135
11.54825
11.620014
14.169502
16.646247
16.86928
16.894735
16.948408
18.020828
21.157552
22.823979
25.604345
26.398457
23.786654
20.299321
19.633665
21.44893
24.251323
25.331777
24.534164
26.425436
26.723636
29.120981
30.616764
27.193235
26.01557
26.89287
28.108581
27.115194
25.366568
22.048669
19.153687
16.69934
15.791977
16.145232
18.164521
19.094263
19.080912
18.950795
19.824567
19.925714
21.007181
21.612065
21.579521
20.725111
21.559836
22.566259
21.522976
17.315437
15.825841
17.234448
19.076132
20.460177
21.150671
21.51043
20.310578
20.028129
21.494641
22.219498
21.820486
24.079875
24.499172
26.895784
27.484068
27.586279
26.906042
27.6372
29.553936
30.650457
31.041092
30.62991
29.808032
27.931835
26.598846
26.703505
24.824037
21.428078
19.660948
18.230019
16.376142
13.915664
12.581852
12.059011
12.993716
15.141223
14.82408
14.237117
14.264214
15.219625
17.228141
17.563293
18.765962
21.289487
22.92714
23.396385
19.924957
16.575046
14.925863
15.390168
17.133924
18.54675
17.678432
16.747987
14.464922
13.802631
14.246291
14.70139
16.348096
17.661867
17.919605
17.533667
16.202421
15.575082
16.903567
17.674494
18.182342
18.149708
16.688584
16.202151
13.694337
11.251065
10.366463
10.601823
12.483613
15.177695
16.671106
17.82181
15.558888
14.118975
14.329132
15.78903
17.137961
18.208383
17.460198
15.074196
12.918578
11.623676
12.352081
12.177849
12.312431
12.31436
12.12773
10.890105
8.879882
7.713937
7.071192
7.417567
10.044396
13.247131
14.204562
16.111157
16.736296
16.389397
17.469022
17.943455
18.367432
16.877491
14.410856
13.099082
12.838293
12.637254
14.282313
15.009816
15.460529
16.593969
18.273004
18.929077
17.595326
15.902749
15.370203
16.332955
18.941669
21.310191
21.529967
21.570171
20.769338
19.881316
19.755956
20.502151
21.607379
21.793975
20.502562
18.443515
17.944546
19.805367
21.791594
21.654284
20.739106
22.207949
23.001544
23.469076
21.214246
18.591678
17.045687
17.428505
19.244513
20.759587
19.956685
19.152622
15.707914
14.390636
14.22244
14.482766
16.16743
17.222735
16.717419
16.636458
16.578028
17.022207
18.472239
19.369147
18.831637
17.988226
19.005936
19.029076
18.338242
15.945812
15.113814
15.358127
16.022874
16.91842
16.188659
14.931492
13.956287
13.041916
14.069512
13.007175
13.625505
14.592702
15.959954
16.825558
17.126257
16.298619
15.388284
15.303354
15.528694
15.870706
16.231454
16.42328
16.692252
16.545689
15.377314
14.927553
15.082553
14.931346
15.798491
16.618098
17.645117
18.830317
20.571391
21.786458
22.861606
23.740019
24.109964
24.173685
22.879252
21.898885
21.161177
20.913713
22.175555
22.374412
23.068493
22.24464
20.302595
18.700791
18.315079
18.930696
20.36804
22.549971
22.281987
21.563454
20.355275
19.401485
20.160734
21.988406
24.788472
25.486547
22.719881
20.516529
20.153456
19.368316
21.36627
22.292555
22.757766
23.223527
23.128078
21.481102
17.793912
14.732149
13.585908
13.2873
14.471056
16.699908
18.170499
19.317507
19.087246
18.868429
19.995515
21.744306
21.821606
19.764941
17.334548
16.536896
15.319955
14.268177
16.061733
14.039566
11.355418
9.384469
8.032628
7.197845
6.038773
5.25713
5.142979
5.74525
8.2869
11.65684
13.853396
14.213818
13.599806
13.524625
13.625624
14.8958
17.770338
17.635996
14.944639
12.901075
11.383737
9.844983
10.568667
9.845158
8.670266
7.786666
7.637573
7.198191
5.876549
5.28577
5.262457
5.922728
8.071339
10.717291
12.764761
14.682407
14.507443
14.619034
15.130138
15.441002
15.86369
14.910774
12.850283
11.448239
11.055692
11.406136
14.098888
14.120185
14.231289
14.891268
16.201949
16.174605
13.978431
12.673872
12.476261
12.646721
14.374422
17.365495
18.762806
19.466444
18.38727
18.141737
18.043129
17.814744
19.343921
20.870567
19.765457
18.620458
18.146141
17.229154
18.188979
18.487274
18.567848
17.531842
16.726751
17.70079
18.786122
19.349487
19.322375
18.340064
18.014387
17.979631
17.375528
15.396996
13.909123
12.300996
11.73188
11.868563
13.07764
13.570038
14.092706
14.636779
16.212643
19.068369
21.393216
21.309935
20.720096
19.492576
17.934236
17.906464
17.404472
16.944251
15.48163
14.328739
14.410412
15.664763
15.216912
14.247259
14.205407
14.319929
14.832329
16.330232
17.812231
17.128311
16.015545
16.782421
18.561132
18.635289
17.295296
15.359379
13.28161
11.181856
9.818631
9.331426
7.557364
6.359638
5.737771
5.735577
7.504671
9.999583
11.714797
12.399226
11.821483
11.929778
13.312034
15.448926
18.315879
17.470121
14.148854
11.623794
9.973021
8.75141
9.257301
8.916938
8.687513
8.629378
9.147888
11.651633
11.987559
11.449243
12.085908
13.910512
17.308114
20.901639
22.937221
23.296523
23.350338
24.945294
26.384932
26.523053
25.78393
23.085216
19.814551
16.920582
16.088728
15.489901
19.127231
19.261046
16.984333
14.377019
12.527045
11.735824
9.723141
8.189785
7.661947
7.895264
9.958537
12.743751
14.218597
14.750751
14.971806
14.955779
15.587055
15.981411
16.79975
15.612039
12.601795
10.597951
9.207362
8.384504
10.10634
9.822653
8.883257
7.864385
6.745139
5.903404
4.527325
3.655211
3.823643
5.342596
9.092063
13.606613
16.42382
17.045649
16.241708
16.325338
17.795234
18.915561
20.308532
19.448268
17.066422
14.200467
12.580352
12.070978
14.914935
17.166843
19.011543
19.938631
18.612555
16.441666
12.44466
9.281325
7.775342
7.696252
9.14952
11.581295
14.413913
16.467091
16.696579
16.555218
17.327557
18.320774
18.068795
15.907287
13.101922
11.107805
9.638558
9.011912
10.78077
10.365248
9.801946
9.431728
9.499595
9.113998
7.581631
6.115407
5.433351
5.097278
5.043812
5.309706
5.388474
5.41656
4.933533
4.152103
3.685593
3.420911
3.274993
4.119905
3.688546
3.272245
2.955076
2.730005
2.657172
2.5539
2.484053
2.446342
2.452114
2.499802
2.426909
2.307251
2.262305
2.162895
2.033912
1.969315
2.02082
2.276163
2.742111
3.18658
3.353539
3.468185
3.604824
3.589369
3.452688
3.161297
2.794618
2.528651
2.351682
2.042048
1.915497
1.910859
1.875536
1.786321
1.630369
1.52484
1.631474
2.176433
4.405389
7.382781
9.358302
10.778019
10.359757
10.282564
11.637292
13.601544
15.090492
13.308932
10.379523
7.969158
6.693803
5.778873
6.591846
6.068751
5.525859
5.136859
4.849465
4.805805
4.058093
3.276272
3.139067
3.545811
5.761811
8.652385
10.53354
11.160464
10.818719
10.534809
10.94976
12.285956
14.284482
13.156224
9.995267
7.575822
6.334897
5.652865
6.622082
6.472276
5.788477
5.335732
5.041629
4.849888
4.245702
3.546133
3.348578
3.74477
5.882558
8.641108
10.314469
10.877865
10.516128
10.979951
12.831502
14.051408
14.152588
12.64738
10.359136
9.524658
9.551879
9.620807
11.632944
12.156257
12.058804
11.798758
11.33658
10.348062
8.15108
6.609012
6.262932
6.850278
8.781458
11.427026
12.619425
12.552311
12.177732
11.618104
11.7729
12.76549
14.838156
14.398931
11.200551
8.933696
7.933771
7.291879
7.903534
7.870057
8.080572
8.981617
9.935095
9.54714
8.122457
6.880014
6.57096
7.267424
9.835228
12.970681
14.705526
14.798306
14.122735
13.677859
14.006144
15.220187
17.003294
16.998524
14.350829
12.592578
11.062155
9.983448
11.101819
11.577966
11.791447
11.763635
12.164724
12.236449
10.587309
8.974031
8.319041
8.109953
8.2457
8.444422
8.720788
8.838224
8.115198
7.406062
7.40584
7.947509
7.832705
8.326556
8.315574
7.994301
7.195064
6.220245
5.773532
5.621827
5.623831
5.490501
5.457153
5.60684
5.769514
5.970319
6.008123
6.07043
6.293324
7.086286
8.100934
9.45087
10.388264
11.289373
12.137756
13.117673
14.625507
16.59712
18.442022
17.767083
17.592059
17.575282
17.545323
17.547078
17.529365
17.527945
17.180845
16.286985
13.780702
11.368135
10.433838
10.671147
12.590166
14.929082
16.201942
16.215024
16.525216
16.739833
16.603743
17.863873
20.315447
20.817848
17.54797
14.811979
13.314015
11.741513
13.269112
13.265181
11.994314
10.587819
9.442383
9.162203
8.108099
6.948634
6.738515
7.255455
9.24044
11.888283
13.722901
14.009887
14.385251
14.028793
13.760012
14.550721
16.699394
16.930283
13.951566
11.400479
10.054925
9.305696
10.58328
10.571342
10.229461
9.481635
9.02811
8.624167
7.082183
6.042792
5.8238
6.216715
8.076367
10.697214
12.472154
12.620802
12.308276
12.181128
12.382253
13.04683
15.125119
15.410666
12.471449
10.024208
8.618877
7.604987
8.727955
8.607584
8.045826
7.51816
7.0223
6.723502
5.801905
5.169702
5.129543
5.671149
7.702097
10.35444
12.249742
12.893603
12.653571
11.779272
11.791224
12.662954
15.008026
14.962098
11.987251
9.796369
8.452559
7.701336
8.570185
8.372817
7.786271
7.694288
7.890974
8.398931
7.58908
7.129449
7.455253
8.602312
11.204014
14.126601
15.868467
17.069979
16.014684
14.732011
15.516081
16.87891
18.58184
17.526049
14.155545
11.660517
10.382847
9.785589
10.637181
10.234874
9.512729
9.089903
9.657729
11.413948
10.550319
9.052425
8.137965
8.110437
8.394039
9.041566
9.937086
11.138828
12.059747
12.694262
13.192805
13.046136
12.694602
14.21176
13.786849
11.991676
11.14696
10.96737
11.139405
10.648921
10.613355
10.199937
9.95596
9.550118
9.674529
10.17687
12.232031
13.358117
13.381109
14.020312
14.744972
16.61935
17.703049
16.988853
17.845128
18.868597
20.311177
21.794805
21.755717
20.20645
19.586588
19.170658
18.462544
18.551891
19.955182
20.674245
21.531184
21.815952
18.678043
16.218887
15.574459
15.827669
17.429437
19.590011
21.025864
23.420367
24.440698
24.705628
25.421822
27.994216
28.48921
26.908514
25.925154
25.743082
26.289747
25.72979
30.137473
30.214888
26.808346
25.865925
24.207586
21.469241
17.334834
14.389184
13.461006
13.921709
17.13769
20.148337
20.686708
20.134504
18.788658
17.536822
19.330611
21.69144
23.865518
24.572006
22.550054
19.772213
18.617115
17.334786
18.225552
18.142487
18.188963
18.764953
19.260237
19.263359
18.170668
16.359041
16.528849
19.585707
23.199986
26.173567
25.502414
24.532256
23.061276
22.40486
22.641791
23.424621
25.794211
27.888973
27.382983
25.646626
23.592664
21.692374
21.622613
22.082384
22.76449
23.146355
23.417875
24.738484
23.041959
19.552367
17.391611
16.134357
17.383522
20.231501
20.570244
20.460056
18.235902
16.625809
16.484397
18.065849
20.2168
20.552471
19.292657
18.464002
17.485298
17.15256
17.382744
17.647234
18.299008
18.326713
18.449299
19.460684
18.279079
15.444149
14.049786
15.00996
17.611499
20.48488
21.059413
21.610749
21.256763
20.025052
21.186428
21.930431
22.955217
23.118445
21.407274
19.518538
18.157532
18.109962
20.078876
22.252328
23.14435
22.380193
23.393612
24.884973
22.647696
19.265708
17.272639
17.132327
17.44528
18.560342
19.138126
18.5365
18.153055
17.427224
17.537875
17.965591
18.431815
21.324995
22.958063
23.428049
22.781743
22.424171
21.761749
20.299021
20.730766
21.227058
18.838206
17.20171
15.566715
14.697872
14.560021
13.959379
13.176078
14.395137
17.134052
16.681523
14.910607
13.492474
12.849968
13.154601
15.286929
17.279908
17.865294
16.924678
16.286133
16.056909
16.560486
17.419911
16.891613
16.786679
17.313471
17.262506
16.801517
16.580724
16.251831
17.514109
18.619463
20.421817
21.299494
21.048525
19.270771
17.744644
17.736251
18.375953
20.64129
21.031523
17.190889
14.34472
12.711112
11.957229
13.822362
13.425031
13.233628
14.449218
14.670384
13.488967
11.827741
10.401826
10.211546
10.923731
13.12377
16.075543
18.016872
17.075709
15.658167
14.837703
14.924812
16.127054
19.674641
20.569762
18.127783
15.494477
14.052262
12.806811
13.672329
13.773927
12.803051
12.510164
12.339647
11.775179
10.139189
9.618741
9.811262
10.820225
13.568869
16.838818
19.294938
20.924931
21.30832
22.101936
23.484717
24.280757
24.635332
22.985509
20.279086
18.359967
17.147899
16.102201
19.579486
19.829954
18.208574
17.197572
16.660247
16.383589
14.160714
12.30256
11.69507
12.256421
14.735365
17.897547
19.847275
20.812634
20.619105
20.410247
20.598299
21.435422
21.958365
20.457026
17.843798
15.97596
14.900288
14.178204
17.240324
18.166454
17.364758
16.759779
16.433852
16.096128
13.713686
11.915633
11.251973
11.817971
13.719214
15.87303
16.866054
16.660233
15.548653
14.973971
14.615283
15.531323
17.582983
16.473118
13.90699
11.984978
10.229581
8.585217
9.631633
9.590183
8.638931
8.177518
8.513724
8.639966
7.75848
6.921102
6.78161
7.149227
7.941909
9.157475
9.929121
10.305189
9.876388
9.211114
8.829343
8.545591
8.144153
9.896526
9.682781
8.244692
7.505987
6.679746
5.810255
5.262349
5.174005
4.866521
4.303374
3.854585
3.37605
3.15308
3.154274
3.215253
3.081759
3.155554
3.287594
3.930764
4.761332
5.231461
5.122263
5.520548
6.355358
7.415883
8.047223
8.186853
7.81093
7.442933
7.08671
6.798844