Operative Temperature
15.360671
15.028367
14.862684
14.765074
14.716894
14.678834
14.647099
14.590717
14.616675
15.347246
16.426149
18.303275
20.264926
21.652769
21.883515
20.60572
18.872144
17.715644
17.014364
16.443163
16.17317
15.996951
15.825817
15.697093
15.59324
15.467462
15.324845
15.21762
16.410563
17.847069
18.704639
18.887507
19.210952
20.255034
21.338629
23.166523
24.640688
25.145476
25.196373
24.576094
23.161909
21.76676
21.349496
21.156262
20.993131
20.843807
19.174637
18.101261
17.474355
17.003516
16.430044
16.159459
17.223485
18.516271
19.277492
19.386131
19.672502
20.773984
22.319386
24.364877
25.141672
25.513698
25.422129
24.86288
24.236608
23.173986
22.280171
21.679669
21.420324
21.243406
20.162542
19.397716
18.779459
18.151678
17.645442
17.161889
17.79559
19.035512
19.727183
19.826775
19.959179
20.116713
20.218836
20.285039
20.332675
20.414396
20.395331
20.325089
20.268822
20.148595
20.050312
19.992434
19.949387
19.936293
17.722334
16.39282
16.128835
15.950082
15.806844
15.687441
16.841647
18.216512
19.025131
19.187805
19.374408
19.517797
19.596737
19.65824
19.69518
19.752054
19.771997
19.764251
19.748059
19.671706
19.61966
19.597515
19.576376
19.55357
16.837313
15.909526
15.655699
15.46774
15.307606
15.164709
16.325124
17.73387
18.565522
18.745155
18.977542
19.195689
19.316674
19.450207
19.502527
19.546767
19.537156
19.469163
19.433485
19.367732
19.288559
19.221269
19.205684
19.202657
16.255993
15.491725
15.185598
14.962246
14.788048
14.627047
15.782424
17.197635
18.055623
18.209135
18.449115
19.43189
20.305242
21.077584
21.748568
22.105619
22.05361
21.369364
20.565565
17.576238
16.381446
16.014665
15.675923
15.397158
15.191459
14.981298
14.822826
14.698793
14.552292
14.44866
14.381135
14.312076
14.27549
14.258822
14.437666
15.603661
16.535019
17.309027
18.304165
18.893076
18.889081
17.598981
16.245623
15.834669
15.579526
15.352489
15.188614
15.044213
14.909134
14.798026
14.723991
14.669594
14.595594
14.492527
15.728159
17.255387
18.191896
18.417406
18.751576
19.635761
20.618476
21.713578
23.213506
24.769061
25.015163
23.895634
21.987799
21.248044
20.927558
20.691595
20.480835
20.308636
17.5533
16.453785
16.120112
15.87632
15.715188
15.597421
16.759874
18.118233
18.897207
19.019469
19.213576
19.619319
19.810334
19.963504
20.183368
20.310352
20.35572
20.241192
20.088963
19.921324
19.782995
19.726
19.653507
19.580344
16.774842
15.859664
15.619314
15.433902
15.258137
15.12777
16.328726
17.787679
18.644816
18.796461
19.135564
20.310713
21.293936
22.533303
24.332817
25.219388
25.221753
24.486824
22.964563
21.639286
21.234649
21.032251
20.867842
20.697883
18.626392
17.252586
16.538689
16.340323
16.183268
16.035291
17.152094
18.490911
19.266096
19.422334
19.750721
20.740426
21.940662
23.334989
23.149824
22.329967
21.542184
21.165681
21.017303
20.841972
20.692683
20.59409
20.522133
20.468435
19.021868
18.038532
17.410036
16.828138
16.296986
16.086308
17.189824
18.527774
19.287774
19.416038
19.664825
20.538601
21.284979
22.348903
23.347348
24.083165
24.008513
23.191711
21.970938
21.292516
21.03582
20.822212
20.641242
20.546305
18.55362
17.345738
16.624593
16.253896
15.975881
15.759456
16.835614
18.151624
18.933819
19.061537
19.235293
19.66237
19.902875
20.268867
20.865471
21.720444
22.104817
21.460666
20.673733
18.056295
16.628813
16.24618
15.96136
15.731362
15.562235
15.410023
15.248777
15.108062
14.979569
14.866342
14.798451
14.758708
14.684952
14.634682
14.689343
15.305729
15.946051
16.610512
17.546332
17.630451
16.980759
16.314531
15.863062
15.652516
15.499309
15.344749
15.257084
15.18987
15.109053
15.044319
15.006243
14.964918
14.911738
14.819464
16.061169
17.572793
18.475996
18.694872
19.039913
20.055105
20.937123
21.70878
22.385829
22.756231
22.759943
22.572435
21.467236
21.082062
20.916745
20.74742
20.659613
20.524975
18.627163
17.409694
16.530193
16.194407
15.964123
15.834933
17.06244
18.465342
19.244229
19.403317
19.723757
20.831513
22.239855
23.864241
24.998851
25.479505
25.554252
25.100117
24.295783
23.176946
22.3335
21.722119
21.440666
21.245365
19.963931
19.092989
18.602113
18.095189
17.683955
17.273388
17.831984
19.000448
19.684434
19.767545
20.131365
21.329689
23.301611
24.770128
25.121515
25.303893
25.269689
24.999578
24.150824
22.733018
21.703346
21.373567
21.142839
20.97479
19.388284
18.281637
17.400259
16.663608
16.290375
16.051907
17.143797
18.450798
19.192756
19.28964
19.689747
20.91085
22.434653
24.557414
25.441173
25.864511
25.940787
25.578027
24.5552
23.257673
22.325298
21.736031
21.459837
21.335795
20.534902
19.730231
19.019671
18.541899
18.186264
17.750555
17.989121
19.116383
19.754459
19.845405
20.122696
20.935038
22.19808
24.184193
25.303369
25.926727
26.036158
25.610036
24.690337
23.813689
22.922206
22.246372
21.707912
21.482477
20.656874
19.844154
19.138108
18.620021
18.033506
17.321319
17.777065
18.950932
19.609663
19.674416
20.039959
21.276452
22.800562
24.86972
25.614014
25.877668
25.925212
25.584988
24.65206
22.877576
21.578891
20.542546
19.535584
18.690582
17.902735
17.002792
16.464595
16.154907
15.910268
15.701048
15.546069
15.404556
15.25014
15.116284
15.228827
16.082645
16.793206
17.996084
19.455712
20.329721
20.418264
19.665618
18.218328
16.752926
16.279654
16.061427
15.88506
15.722741
15.578606
15.415343
15.264945
15.123729
15.000955
14.89521
16.072918
17.523473
18.367356
18.558258
19.0147
20.133435
21.153674
22.355643
23.876571
25.158217
25.401579
25.154813
24.05654
21.948629
21.340381
21.071652
20.889239
20.728939
18.547908
16.894837
16.33541
16.036476
15.776821
15.551352
16.658199
18.024686
18.808226
18.961889
19.450122
20.688704
21.722911
23.448697
24.935817
25.390052
25.486871
25.184722
24.389963
22.467298
21.585545
21.301469
21.098798
20.901641
18.915293
17.612636
16.694779
16.336831
16.115863
15.914318
17.014069
18.331716
19.080679
19.225661
19.686715
20.935995
22.412508
24.571009
25.525411
26.013898
26.115177
25.815409
25.137965
24.371618
23.621104
23.013354
22.505929
21.993712
21.471354
21.083018
20.532952
19.936532
19.571508
19.113271
18.725513
19.600485
20.160078
20.18702
20.446729
21.03253
21.868496
23.291109
24.352864
24.655695
24.639517
24.415817
24.039121
22.916963
22.00383
21.459604
21.249923
21.089847
19.967471
19.284047
18.774056
18.42131
18.041813
17.524131
17.8686
19.024218
19.708875
19.79768
20.196501
21.787435
24.216899
25.298734
25.843385
26.254063
26.171217
25.705961
25.04423
24.182532
23.271865
22.523355
21.870362
21.542514
20.709016
19.994291
19.20721
18.429251
17.700501
16.942904
17.694523
18.93314
19.606553
19.708711
19.974537
20.562795
21.161548
22.117641
22.881055
23.910533
24.697139
23.907416
22.619144
21.459286
20.693976
20.082664
19.515544
18.966628
18.448099
17.958144
17.480231
17.184586
16.895982
16.3755
16.110653
15.963536
15.879438
15.792056
15.770735
15.939531
16.112148
16.423811
17.6018
19.421309
20.705206
20.809776
19.620265
18.241062
17.488849
17.004204
16.614611
16.217022
16.02927
15.900227
15.807348
15.71735
15.664832
15.621944
16.826296
18.285526
19.17244
19.388012
19.79704
20.705497
21.902467
22.880979
23.425118
23.995123
24.132004
22.730563
21.262068
20.751635
20.437473
20.211898
20.013198
19.863175
16.836887
15.964297
15.653841
15.412738
15.180415
14.969149
16.081429
17.455301
18.270126
18.426193
18.687963
18.964598
19.204277
19.476001
19.696123
19.850422
19.805836
19.662889
19.490382
19.275663
19.143539
19.055398
18.987099
19.01547
16.207141
15.691741
15.744515
15.782796
15.716552
15.642721
16.838671
18.258871
19.095842
19.297367
19.712431
20.463284
21.151962
21.885489
22.439804
22.562847
21.802529
21.983009
22.173762
21.149844
20.867746
20.727061
20.516211
20.309394
18.207185
16.718467
16.202848
15.903273
15.809672
15.717706
16.768782
18.108782
18.899829
19.006975
19.518994
20.687174
21.793925
23.616186
25.034442
25.287985
24.930914
24.104734
22.91707
21.722824
21.331041
21.12489
20.925378
20.752097
18.633234
17.409637
16.780768
16.330905
16.077363
15.884867
16.96521
18.301167
19.102082
19.255236
19.54635
19.83787
20.241114
20.692976
21.079161
21.325065
21.349756
21.239077
20.932331
20.464742
20.183025
19.99943
19.860164
19.780859
16.949197
15.998668
15.68317
15.417211
15.214234
15.075912
16.245307
17.66399
18.520264
18.697314
19.175905
20.008347
20.600476
20.916671
20.972738
20.853313
20.66902
20.581321
20.406347
18.357695
17.102522
16.440888
16.16515
15.990446
15.839363
15.68746
15.563779
15.451074
15.351086
15.268245
15.189772
15.095291
15.02163
14.959242
15.210377
15.812817
16.461545
17.097213
17.432378
17.351159
17.079996
16.621289
16.03883
15.827299
15.690708
15.546087
15.424304
15.337847
15.253332
15.177493
15.105833
15.031368
14.968923
14.909395
16.195026
17.702531
18.594914
18.817338
19.469799
20.612388
22.2196
24.352751
25.245538
25.588128
25.653238
25.486667
24.874108
23.693066
22.348142
21.608563
21.35697
21.162197
19.836484
18.811998
17.94357
17.341213
16.875953
16.384116
17.407135
18.652863
19.350595
19.44159
20.034379
21.164557
22.708261
24.678886
25.461084
25.740714
25.474851
24.81869
24.074785
22.792868
21.836363
21.516289
21.315692
21.149873
19.855631
18.921321
18.260655
17.660153
17.097969
16.56793
17.534075
18.777643
19.312545
19.583723
19.759708
19.906484
20.174413
20.633457
20.951578
21.062234
21.097808
21.088049
20.871084
20.474838
20.223732
20.079788
19.979136
19.910578
17.159492
16.141544
15.833068
15.617665
15.459208
15.307373
16.476296
17.960585
18.857228
19.089533
19.520267
19.886128
20.570311
21.962237
23.501092
24.549083
25.007641
24.826011
24.023452
22.397012
21.513902
21.244765
21.044099
20.855457
19.209187
18.194757
17.472394
16.735014
16.30856
16.106759
17.199978
18.51317
19.25017
19.339996
20.088312
21.0525
22.376199
24.446256
25.523281
26.014101
26.160338
25.871401
25.100576
23.725633
22.323318
21.701493
21.445152
21.244544
19.752868
19.08675
18.834551
18.454907
17.955903
17.465219
17.933653
19.119995
19.815977
19.875983
20.205737
20.728901
21.727201
23.778269
25.021123
24.983967
24.090426
22.798419
21.78123
20.853516
20.035578
19.182774
18.274566
17.441971
16.70581
16.334024
16.106017
15.908904
15.75916
15.62588
15.472459
15.331958
15.204113
15.076789
15.421215
16.011922
16.696719
17.700896
18.876815
19.893992
20.553784
20.466361
19.073549
17.22529
16.36696
16.057305
15.811368
15.606534
15.446713
15.316975
15.195388
15.087481
14.996491
14.912479
16.135619
17.620451
18.514361
18.728755
19.338625
19.921709
20.61168
21.741006
23.596859
24.531861
24.563301
24.292444
23.54592
22.140331
21.399299
21.166776
20.994779
20.854659
19.457625
18.625835
18.069371
17.311515
16.462112
16.178716
17.253288
18.59904
19.352083
19.481661
20.105811
20.898063
21.980254
23.777353
25.016935
25.500236
25.635192
25.414471
24.764118
23.302237
21.99965
21.528353
21.260686
21.065398
19.305223
18.217835
17.574864
16.96004
16.450083
16.212218
17.288408
18.593897
19.327017
19.473403
20.188784
21.202453
22.830524
24.78941
25.518272
25.695545
25.729489
25.661522
25.070197
23.790911
22.43148
21.749472
21.464143
21.242011
19.932878
18.868218
18.003528
17.401896
16.763408
16.344255
17.39647
18.679903
19.410641
19.569933
20.238108
21.062427
22.613826
24.763094
25.700706
26.052248
25.891558
25.514901
24.909067
23.640798
22.402837
21.678952
21.379365
21.15964
19.434696
18.217413
17.200687
16.539705
16.288993
16.086283
17.149497
18.444675
19.182888
19.350819
19.925889
20.485609
20.973961
21.43542
22.049638
23.259697
24.02803
23.636445
22.569407
21.380665
21.001888
20.784481
20.617548
20.456876
18.037051
16.606845
16.248972
15.994394
15.785327
15.59566
16.689266
18.044237
18.838691
18.989451
19.592554
20.345612
21.132433
21.949457
22.84776
23.763464
24.039767
23.8162
22.957378
20.927271
19.325199
17.99018
16.866335
16.435848
16.125405
15.884594
15.683237
15.486074
15.32011
15.167155
15.042917
14.950359
14.877481
14.852901
15.589858
16.50755
17.863218
19.983119
22.14218
23.887874
24.916592
25.107637
24.148901
21.84719
20.206178
19.02713
18.174868
17.429092
16.660442
16.305741
16.078402
15.888704
15.723125
15.560236
16.721489
18.101255
18.920325
19.159317
20.130083
21.352154
21.931845
21.521892
22.081533
22.977778
23.47994
23.441115
23.384009
22.556846
21.5602
21.252112
21.048008
20.897038
19.422685
18.527223
17.905031
17.531799
17.307067
16.934045
17.607525
18.840867
19.540675
19.706037
20.399822
21.200836
22.786608
24.393503
25.140627
25.72093
25.939562
25.775745
25.325349
24.488222
23.549827
22.785518
22.132305
21.63002
20.962482
20.34426
19.744918
19.276217
18.701858
18.1589
18.165721
19.308616
19.957997
20.069298
20.832457
22.270689
24.185127
24.972049
25.260234
25.231366
25.140776
25.248844
25.041993
23.6581
22.254212
21.651709
21.372773
21.14309
19.512464
18.379657
17.563262
16.809354
16.392701
16.182514
17.250814
18.563297
19.333764
19.529144
20.374728
21.285852
22.509674
23.791953
23.911849
23.725715
23.102449
22.416668
21.892421
21.299644
21.058993
20.747993
20.474862
20.332783
18.63525
17.610844
16.948943
16.414303
16.176798
16.020507
17.116955
18.432726
19.210512
19.403752
19.911291
20.437457
21.084285
22.001996
23.401904
24.513668
24.893659
24.982091
24.693408
23.153215
21.719229
21.332889
21.072267
20.862313
18.765803
17.468574
16.649808
16.285301
16.03727
15.840624
16.922123
18.234018
18.987723
19.17336
20.092797
21.016466
21.882736
23.114871
24.569404
25.520321
25.510845
24.852953
23.614178
22.305084
21.122014
20.234644
19.618329
19.21726
18.742324
18.243931
17.822652
17.419026
16.847058
16.306629
16.089121
15.939778
15.797441
15.712954
16.387232
18.054666
20.022816
20.887501
20.453528
19.555275
19.473048
20.064708
19.539612
18.150012
17.196894
16.485623
16.128509
15.947461
15.791671
15.606649
15.469143
15.395429
15.315749
15.238128
16.435039
17.859149
18.701226
18.89586
19.348525
19.669418
19.953555
20.471555
20.906082
21.481242
22.012583
22.248385
22.630588
22.162399
21.235451
21.055129
20.94045
20.82716
19.710738
19.13876
18.684433
18.244128
17.864465
17.464667
17.863232
19.040194
19.712297
19.851913
20.45415
21.479902
23.821065
25.176391
25.77128
25.885346
25.821763
25.549528
25.192236
24.642827
23.626481
22.800094
22.193602
21.651212
20.534145
19.332925
18.137495
17.099864
16.549409
16.285569
17.351969
18.659174
19.402407
19.593477
20.154222
20.780402
21.590718
23.117859
24.568302
25.056331
25.087173
24.903439
24.56231
23.08979
21.746509
21.365137
21.119927
20.910548
18.881069
17.563943
16.712579
16.363701
16.101828
15.877447
16.946759
18.252534
19.0064
19.271456
20.020548
20.793443
21.409776
21.672748
21.741367
21.938329
22.080921
22.128239
21.8503
21.186267
20.872683
20.695643
20.561244
20.42658
18.455917
17.452215
16.790923
16.318098
16.113573
16.006012
17.164029
18.492933
19.25703
19.534939
20.37213
21.821183
24.072656
25.031073
25.559932
25.950896
26.043494
25.833356
25.411914
24.79044
23.868695
22.992225
22.384119
21.755174
20.732512
19.86035
19.053146
18.208762
17.406497
16.758237
17.638646
18.883825
19.55809
19.747517
20.241841
20.679199
20.830043
20.8749
21.048084
21.196441
21.389476
21.402303
21.084268
19.069143
17.490954
16.596166
16.271112
16.044753
15.84076
15.667862
15.515938
15.374429
15.245058
15.123695
15.016354
14.917389
14.837232
14.888909
15.066818
15.269088
15.632664
15.869528
15.984948
16.23959
16.439229
16.215242
15.744105
15.411418
15.203275
15.064752
14.964802
14.873795
14.789427
14.711027
14.670936
14.625551
14.554861
14.476599
15.737917
17.252645
18.153146
18.558501
19.204406
19.848526
20.293759
20.446515
20.605463
20.681363
20.709121
20.813739
20.719617
20.346407
20.029354
19.876645
19.795129
19.723724
16.853305
16.047206
15.817555
15.648983
15.47612
15.294219
16.422805
17.808092
18.635588
18.974172
19.748647
20.666862
21.630091
23.051331
24.369998
25.249485
25.457583
25.250662
24.752684
23.006883
21.683051
21.312576
21.057237
20.861525
18.846358
17.442518
16.673366
16.353831
16.100935
15.887004
16.956265
18.262571
19.025009
19.290176
19.683282
20.149858
20.796907
21.572737
22.10281
22.741869
22.975711
22.618966
21.77301
21.118397
20.725346
20.491472
20.323664
20.167606
17.205255
16.300799
15.994329
15.762614
15.574034
15.410239
16.523531
17.882979
18.6635
18.971622
19.636387
20.478016
21.398961
22.287453
23.251195
24.097978
24.028035
22.924657
21.699757
21.158909
20.817967
20.596918
20.406201
20.248634
17.553694
16.408592
16.101562
15.869057
15.676232
15.498001
16.582337
17.932722
18.729099
19.018346
19.309706
19.607561
20.08099
20.634122
21.11969
21.288336
21.348386
21.311309
21.099131
20.625597
20.227627
20.025971
19.903742
19.807976
16.964267
16.051031
15.759205
15.542387
15.346743
15.178558
16.320357
17.711022
18.545836
18.892924
19.241296
19.632712
19.933053
20.128419
20.554469
20.756768
20.529949
20.236634
19.97914
17.207816
16.110492
15.837431
15.631953
15.466814
15.322603
15.184155
15.059756
14.943229
14.852118
14.754192
14.652029
14.550488
14.465888
14.627202
15.127123
15.857356
16.677809
17.711579
18.918787
19.799496
20.058834
19.667631
18.516524
16.929965
16.234381
15.934464
15.705365
15.532924
15.378587
15.240537
15.138066
15.042397
14.952521
14.863937
16.097756
17.614358
18.553097
18.987222
19.533338
20.072268
20.504385
20.814403
21.265155
22.468878
23.203099
23.360566
23.178135
21.815561
21.101755
20.873408
20.721932
20.635385
19.309228
18.607807
18.11394
17.602453
17.040153
16.620906
17.500602
18.797762
19.512573
19.841719
20.238776
20.526089
20.78232
21.235245
22.755434
24.701957
25.375887
25.484542
25.150755
24.46389
23.410487
22.715091
22.239399
21.817733
21.254646
20.785692
20.434832
20.065923
19.660708
19.22363
18.782677
19.614522
20.200251
20.490974
21.559063
23.59675
24.715353
25.376867
25.666816
25.450177
25.207179
25.205558
24.960556
24.418378
23.397234
22.563962
21.953336
21.5788
20.848336
20.199122
19.567344
19.0074
18.511136
17.979281
18.11577
19.246224
19.885251
20.173732
20.92816
22.627934
24.612546
25.452228
25.923536
26.219558
26.216145
25.974802
25.646816
24.974528
24.160669
23.28336
22.626132
22.003757
21.189412
20.415404
19.733505
19.065835
18.411755
17.832788
18.071481
19.187505
19.821011
20.175818
20.904091
22.025407
23.691539
24.527409
24.759537
24.845926
24.800791
24.69806
24.587109
23.845966
22.720189
21.908356
21.511504
21.320141
20.372314
19.709664
18.998135
18.320865
17.666562
17.003156
17.711606
18.946615
19.654541
20.047215
20.827001
22.14838
24.181126
25.095734
25.558507
25.59526
25.3056
25.086457
24.823464
24.245102
23.064569
22.054558
21.466382
20.725041
19.945818
19.279478
18.589321
17.802037
16.980032
16.342311
16.090481
15.879815
15.697645
15.646125
15.76631
16.001192
16.312558
16.734478
16.996578
17.222605
17.409329
17.408051
17.500316
17.377962
16.392565
15.971462
15.779828
15.628712
15.511612
15.396512
15.284682
15.181103
15.097368
15.014624
16.255735
17.738618
18.615185
19.129455
20.015057
20.910079
22.075758
23.348256
24.079112
24.696189
24.826172
24.676746
24.362028
23.058672
21.826512
21.398843
21.189818
21.019874
19.680245
18.734174
18.074925
17.440575
16.836548
16.366107
17.420588
18.71632
19.452216
19.756639
20.363654
21.199426
22.706404
24.437308
25.191848
25.403174
25.133117
24.842065
24.606509
23.912313
22.874456
22.101714
21.628427
21.391089
20.361722
19.548298
18.976369
18.536638
18.134085
17.622948
17.960914
19.205432
19.905416
20.114888
20.274486
20.559009
21.382841
22.447136
23.202759
23.941168
24.144547
24.196768
24.451089
24.361588
23.096794
22.145087
21.611763
21.369895
20.431103
19.729912
19.139326
18.497668
17.874392
17.312298
17.872779
19.073575
19.800219
20.185592
21.090054
23.0103
24.556429
25.499579
26.126265
26.449922
26.478655
26.30029
25.929602
25.256321
24.52315
23.712582
23.06201
22.401387
21.557955
20.862166
20.194892
19.502051
18.839902
18.207892
18.244752
19.359666
20.004419
20.334809
20.970804
21.898938
23.647985
24.840087
25.446429
25.732822
25.555469
25.196376
24.881212
24.484283
23.69232
22.974587
22.388671
21.785556
20.977133
20.323002
19.715917
19.120938
18.747189
18.438924
18.243433
19.350208
20.023271
20.368345
20.97857
22.101397
24.410873
25.406253
25.796405
26.158767
26.212467
25.965212
25.535203
24.929171
23.917842
22.945266
22.279407
21.589417
20.848831
20.233665
19.699203
19.172479
18.484804
17.684003
17.042793
16.541787
16.253193
16.370201
17.266633
19.435466
22.03945
24.166789
25.192691
25.494008
25.41729
25.244897
24.934581
24.171384
22.954182
21.907015
21.26771
20.703111
20.150645
19.652993
19.194838
18.73211
18.369223
18.042876
18.069908
19.169108
19.860567
20.261357
21.133486
23.148611
24.720969
25.25269
25.288185
25.179462
25.140994
25.119254
25.009178
24.653541
23.84211
23.016231
22.371612
21.751189
20.994542
20.310647
19.715783
19.142128
18.61247
18.126784
18.150992
19.270512
19.97821
20.338426
20.86974
21.694513
22.884475
24.03508
24.682548
25.284694
25.418057
25.129607
24.805847
24.380909
23.488984
22.649982
21.991762
21.53748
20.780543
20.133519
19.544516
18.987567
18.434924
17.952284
18.105801
19.252858
19.982108
20.265238
20.698776
21.622257
23.483714
24.500219
24.857972
24.851589
24.611978
24.523137
24.474613
24.011069
23.010416
22.159868
21.612186
21.348587
20.351637
19.644773
19.034467
18.484424
17.994504
17.42023
17.902297
19.097171
19.850405
20.214664
20.917926
22.640305
24.408217
25.144869
25.471974
25.514732
25.262018
25.008349
24.724143
23.941713
22.723223
22.018514
21.721189
21.479887
20.728974
19.947966
19.155397
18.528089
17.927064
17.189362
17.65968
18.808686
19.556567
19.807476
20.137059
20.545725
21.093626
22.034359
22.718226
23.565351
24.002536
24.04999
24.212926
24.146645
23.025746
21.985454
21.497271
21.278615
20.053857
18.974719
17.860741
16.853042
16.396265
16.132405
17.188537
18.490193
19.259582
19.555447
20.144197
20.953419
21.832905
23.232609
24.289565
24.874607
24.989964
24.699104
23.831146
22.438566
21.033373
19.998963
19.146706
18.392263
17.724139
17.092613
16.539655
16.245214
16.021116
15.822328
15.701318
15.602371
15.505069
15.567613
16.14177
17.455127
19.330087
20.965113
22.134918
22.782533
22.703109
21.904116
20.804719
19.673426
18.642907
17.816662
17.122201
16.525476
16.241154
16.068253
15.940194
15.807918
15.672703
15.541301
16.730455
18.139876
18.991276
19.294908
19.715569
20.242363
20.91609
21.902055
22.992301
24.124779
24.395377
24.106834
23.482019
22.286604
21.446146
21.175668
20.995113
20.863073
19.43571
18.606815
18.056247
17.530974
16.916901
16.357687
17.413255
18.742107
19.530239
19.842066
20.34043
21.230709
23.216802
24.574966
25.147757
25.461393
25.472378
25.335032
25.048134
24.485399
23.611193
22.763559
21.861753
21.511433
20.714932
20.031778
19.35399
18.67924
18.063072
17.413316
17.895776
19.041772
19.759659
20.116224
20.918868
22.562586
24.183677
24.926114
25.402167
25.605883
25.520458
25.332771
25.071045
24.605366
23.86287
22.990134
22.063843
21.582663
20.82557
20.214941
19.727599
19.263433
18.808761
18.404211
18.258993
19.381146
20.079213
20.378333
21.218296
22.831401
24.327983
25.109581
25.638613
25.871875
25.832508
25.635312
25.253204
24.723152
24.124336
23.354613
22.484829
21.90844
21.250045
20.667519
20.088964
19.545321
18.985515
18.380892
18.255939
19.381046
20.107701
20.415501
21.371563
23.188041
24.492452
25.270617
25.772821
26.004719
26.039266
25.851731
25.481708
24.955266
24.561714
24.01272
23.391194
22.877264
22.255415
21.91131
21.649623
21.317293
20.880006
20.468836
20.060828
20.192961
20.749124
20.974074
21.853103
23.543948
24.589818
25.058865
25.509394
25.850027
25.907397
25.750763
25.341336
24.825839
24.510738
23.974138
23.168725
22.56247
21.93555
21.377355
21.007752
20.133644
19.590522
19.018752
18.51223
17.993323
17.63706
17.819473
18.083533
17.996757
18.452174
18.959179
19.328114
19.664004
19.797166
19.542052
19.458993
19.540305
18.944862
18.194093
17.290454
16.727193
16.279641
16.072173
15.941402
15.813499
15.707716
15.610784
16.781658
18.163916
19.081285
19.493457
20.209869
21.317444
23.127574
24.351787
24.988315
25.459053
25.599983
25.494337
25.124084
24.597947
24.081465
23.299653
22.332073
21.738371
21.046478
20.431976
19.948912
19.516383
19.139373
18.813993
18.47389
19.549037
20.245595
20.482798
21.388761
23.236634
24.223076
24.503075
24.69896
25.010381
25.262445
25.072794
24.464559
23.383185
22.747851
22.003196
21.532242
21.348092
20.258729
19.238892
18.362507
17.71366
17.255982
16.663603
17.562966
18.828005
19.600295
19.837512
20.179044
20.523969
20.8711
21.236735
21.688001
21.606151
21.025972
20.933147
21.048886
21.052275
20.777536
20.547915
20.377833
20.267384
18.245191
16.817294
16.272783
16.042732
15.849318
15.693761
16.826965
18.208084
19.098337
19.501448
20.237984
21.195147
22.964056
24.440348
25.125777
25.536901
25.640831
25.508746
25.110307
24.426374
23.428321
22.502521
21.687655
21.414052
20.295116
19.347766
18.556949
17.782319
17.117566
16.607203
17.545359
18.808325
19.606269
20.00496
21.00431
22.967004
24.401643
25.255251
25.812221
26.167846
26.268626
26.094535
25.668095
25.05179
24.643673
24.143143
23.412412
22.897725
22.232692
21.641162
21.128261
20.632432
20.200378
19.8755
19.473806
20.017257
20.611935
20.760286
20.950343
21.136738
21.409101
21.905365
22.347663
22.82412
21.903275
21.336872
21.124036
20.31137
19.840936
19.113811
18.221642
17.488285
16.937393
16.658784
16.332895
16.102385
15.821535
15.592734
15.438443
15.38436
15.488966
15.587529
15.785525
16.041087
16.384352
16.81197
17.153527
17.311268
17.291413
17.071034
16.562228
16.091023
15.834314
15.659974
15.528773
15.410883
15.310659
15.242307
15.191745
15.143678
15.092164
15.042206
16.310789
17.819135
18.811337
19.230478
19.770706
20.401742
21.043051
21.705916
22.193226
23.232674
23.622769
23.119881
22.643053
21.696861
21.221629
21.012692
20.857396
20.745199
19.340118
18.553677
18.089263
17.633407
17.123227
16.630314
17.508125
18.815151
19.640796
19.905093
20.265359
20.528883
20.656384
20.981557
21.15078
21.170382
21.116919
21.100089
21.025062
20.826873
20.646509
20.426034
20.265819
20.184827
18.312198
17.234425
16.635083
16.186268
15.974972
15.806386
16.911428
18.220426
19.01953
19.338017
19.739855
20.115285
20.492643
20.84773
21.122742
21.767233
22.263972
22.399983
22.658237
22.524988
21.755111
21.207285
20.947866
20.809536
19.535962
18.690036
18.227482
17.865468
17.513019
17.152468
17.766802
18.982454
19.800903
20.161166
21.074237
22.754589
24.209571
25.007659
25.491212
25.751777
25.900294
25.73749
25.360479
24.839872
24.431757
23.632673
22.707461
22.101885
21.398834
20.753188
20.182553
19.646042
19.192403
18.872586
18.466219
19.50799
20.233021
20.568092
21.731366
23.536941
24.708789
25.423341
25.854747
26.212646
26.335458
26.129331
25.641953
25.130706
24.788438
24.420528
23.67717
23.078783
22.415701
21.869145
21.327184
20.661318
19.993331
19.394794
18.713537
19.709933
20.447433
20.731031
21.555777
23.401154
24.684403
25.050647
24.987527
24.771527
24.674512
24.568203
24.339648
23.864429
23.305279
22.6314
21.912952
21.437153
21.057169
20.693066
20.301014
19.675293
18.889886
18.273786
17.738804
17.229379
16.877781
16.765474
16.974844
17.268873
17.380528
17.398472
17.772671
19.060034
19.891963
18.975733
18.971273
19.018624
18.273071
17.478068
16.728111
16.246097
16.02929
15.884873
15.771667
15.634455
15.501669
15.368842
16.532272
17.993911
18.977136
19.459608
20.270666
21.466702
23.446416
24.604508
25.123469
25.179423
24.977002
24.743643
24.526229
24.244007
23.544138
22.691065
21.919933
21.542561
20.970279
20.40986
19.901121
19.355409
18.81506
18.340903
18.247405
19.412599
20.147757
20.336591
20.66101
21.038505
21.797405
23.064967
24.228343
24.70055
24.709046
24.533866
24.310449
23.517942
22.522368
21.803762
21.450178
21.301217
20.452529
19.833733
19.185268
18.474087
17.808088
17.282271
17.843132
19.125533
19.878849
20.056058
20.287281
20.560514
20.908413
21.29741
21.519149
21.833793
21.944381
21.834422
21.579276
21.124854
20.919666
20.760933
20.622301
20.514516
18.950798
17.906853
17.306075
16.813047
16.381978
16.128457
17.216864
18.559699
19.412062
19.851869
20.736863
22.207062
23.837204
24.768683
25.271793
25.574283
25.642665
25.502286
25.204868
24.746212
24.376023
23.628199
22.627134
21.965371
21.293619
20.746089
20.200639
19.667681
19.183086
18.739877
18.303576
19.355486
19.994549
20.116142
20.569042
21.942612
21.93929
21.879706
22.242297
21.931484
22.284805
22.435531
22.843192
22.555459
21.696539
21.255253
21.023375
20.893973
19.63303
18.824043
18.202926
17.506363
16.747463
16.283178
17.32126
18.654868
19.544043
19.963579
20.663294
21.745652
23.719344
24.953541
25.601048
25.936594
26.021369
25.868918
25.467543
24.913997
24.538239
23.7575
22.729057
22.016596
21.412488
20.90315
20.363392
19.72795
19.061769
18.412158
17.761134
17.26146
17.103302
17.643621
19.527411
21.770321
23.743825
24.919138
25.555382
25.940194
26.004568
25.862653
25.501397
25.007862
24.576175
23.84918
23.17998
22.636939
22.089158
21.537213
21.027918
20.524491
20.075126
19.649466
19.279102
20.059968
20.656788
20.858082
21.965406
23.471718
24.282528
24.651052
24.92837
25.192995
25.294725
25.187714
24.944427
24.63084
24.393146
23.890158
23.1928
22.72481
22.31002
21.988632
21.564166
21.046071
20.45819
19.969379
19.495792
20.078581
20.714943
20.926974
21.8863
22.995535
23.967407
23.880194
23.320314
23.697014
24.139929
24.241634
23.925837
23.423279
23.088679
22.377095
21.647758
21.39355
20.766266
20.253716
19.895139
19.512172
19.038904
18.686014
18.403507
19.545145
20.223255
20.33165
20.472282
20.405756
20.397647
20.380009
20.343747
20.342271
20.343064
20.344462
20.350124
20.282918
20.206239
20.269408
20.25496
20.236255
18.778978
17.837871
17.395592
17.006826
16.652098
16.212642
17.181172
18.519389
19.402559
19.73724
20.003002
20.200081
20.324225
20.184592
20.137718
20.18047
20.214708
20.23423
20.244528
20.380266
20.325479
20.262509
20.207581
20.173888
18.621604
17.591323
17.098222
16.64766
16.254529
15.965414
17.003516
18.375271
19.208829
19.47764
19.771628
20.047387
20.371151
20.772562
21.091447
21.700762
22.055865
22.100308
22.282099
21.980232
21.254368
20.98348
20.795711
20.667221
19.231818
18.368551
17.769528
17.228525
16.69965
16.261663
17.321816
18.709175
19.582695
19.944734
20.461094
21.239198
22.903366
24.372438
24.923251
25.248235
25.272985
25.042674
24.696894
24.366758
23.968839
23.235256
22.537236
22.094624
21.57584
21.159925
20.748271
20.350818
20.064641
19.866569
19.579978
19.437437
19.571826
20.01428
20.763761
22.171925
23.910746
24.575962
24.915786
25.12461
25.170531
25.038605
24.78318
24.496921
24.215624
23.653969
23.050238
22.615715
22.333528
22.004628
21.73106
21.298627
20.680796
20.135478
19.677809
20.158624
20.77174
20.989383
22.620679
24.094056
24.835817
25.424861
25.842534
26.086257
26.124604
25.952674
25.591183
25.173505
24.883364
24.626816
24.430346
24.269005
23.908392
23.455588
22.992438
22.524313
22.035967
21.53917
20.998582
20.684532
21.189727
21.243872
22.426058
23.802527
24.666425
25.191817
25.52521
25.682496
25.613009
25.430877
25.075495
24.723988
24.474392
23.927209
23.142839
22.626061
22.068082
21.638678
21.237768
20.852868
20.410019
19.821039
19.33347
20.031734
20.610052
20.812806
21.983997
23.400444
24.303276
24.835944
25.162502
25.529336
25.66349
25.494806
25.155806
24.763179
24.528926
24.075276
23.238953
22.699537
22.115631
21.607597
21.148855
20.683411
20.025016
19.321847
18.748159
19.73953
20.438824
20.719885
22.311843
23.961921
24.795019
25.451536
25.898465
26.086155
26.076124
25.887289
25.523472
25.112668
24.827367
24.523856
23.994572
23.477231
22.908216
22.380212
21.936756
21.521668
21.016085
20.468736
19.977924
20.290339
20.876136
21.160061
23.128291
24.329303
25.056431
25.632505
26.023329
26.218954
26.170906
25.865677
25.474853
25.082582
24.798779
24.485168
23.893279
23.446908
22.909169
22.470898
22.045854
21.579361
21.125659
20.719742
20.3099
20.381321
20.9693
21.064292
21.215563
21.446585
21.715397
21.90507
22.21056
22.655719
22.260898
21.843577
21.610701
20.976775
20.367198
19.779788
19.185044
18.379762
18.19436
17.860361
17.445265
16.995184
16.435344
16.028177
15.809308
15.702936
15.668205
15.750672
15.833964
16.029781
16.593679
17.158546
17.708333
18.124129
18.045523
18.420411
19.005
18.746583
18.416267
17.707889
16.868078
16.420011
16.08888
15.933517
15.829713
15.720069
15.614913
15.513847
16.691775
18.180529
19.131303
19.569193
20.317398
21.77012
23.493164
24.427933
24.983918
25.309015
25.44073
25.342946
25.024447
24.639243
24.415421
24.010157
23.214562
22.73054
22.241469
21.816964
21.482761
21.084793
20.477361
19.969945
19.506384
20.130063
20.758442
21.040552
22.880811
24.206084
24.993592
25.582217
25.948616
26.216911
26.271376
26.04337
25.657972
25.277288
24.999322
24.700063
24.432878
24.06447
23.680085
23.401348
22.929069
22.423261
21.89655
21.342803
20.85403
20.65506
21.256225
21.621376
23.491401
24.456502
25.174146
25.683691
25.994137
26.191853
26.138294
25.934775
25.655384
25.279537
25.008699
24.71957
24.462501
24.239989
23.816234
23.315076
22.796028
22.273588
21.750697
21.332295
21.02185
20.834537
21.303052
21.316304
22.024255
22.564018
23.175931
23.92027
24.367769
24.694448
24.837405
24.724386
24.510698
24.17829
23.663094
23.145733
22.617268
22.264922
21.831172
21.512571
21.223952
20.827031
20.403713
19.950724
19.487976
20.10499
20.704443
20.93309
22.153996
23.525014
24.211776
24.697305
25.245273
25.630643
25.577281
25.361218
25.087154
24.718022
24.482513
24.060283
23.326911
22.805177
22.231563
21.742384
21.304059
20.89808
20.34557
19.772842
19.309221
20.011598
20.613849
20.826026
21.426018
22.641442
23.948625
24.752475
24.970338
24.911989
24.768069
24.661549
24.362598
23.662337
23.045497
22.448964
21.691401
21.171082
20.780999
20.017841
19.464357
19.068817
18.477624
17.774952
17.291361
16.849738
16.446042
16.16927
16.054896
15.961307
15.903836
15.889098
16.417506
16.79515
17.203791
17.445036
17.2215
16.845589
16.492264
15.951226
15.699936
15.612745
15.578801
15.518204
15.462203
15.394511
15.322614
15.204396
16.413681
17.901914
18.79771
19.232554
19.925023
20.583815
21.837878
23.481756
23.258471
22.755042
22.832335
22.661679
22.767149
22.557842
21.895126
21.216144
20.896287
20.806323
19.758529
19.197995
18.846388
18.391999
17.88294
17.40262
17.89663
19.065756
19.716702
20.010145
20.538145
21.069544
21.849564
22.848066
23.463852
23.909986
23.980169
23.794739
23.605594
22.696122
21.931095
21.378319
21.034522
20.841208
19.400457
18.515956
17.890316
17.36521
16.838577
16.307442
17.323176
18.724984
19.644115
19.897013
20.181338
20.473655
20.815172
21.174693
21.413178
21.718604
21.735185
21.614642
21.454419
21.120899
20.934132
20.778399
20.657438
20.582316
19.180032
18.384924
17.870805
17.420775
16.984979
16.459249
17.332745
18.643536
19.416951
19.656495
19.981615
20.277737
20.543354
20.954352
21.33493
22.493359
24.31592
24.459711
24.313601
23.873412
23.198894
22.376674
21.521567
21.279126
20.485365
19.868341
19.358251
18.787203
18.20268
17.755125
18.011516
19.242476
20.017838
20.360038
21.670584
23.44993
24.415252
25.15371
25.637014
25.863515
25.814942
25.628679
25.341055
25.005347
24.755832
24.519933
24.167158
23.629555
23.095575
22.609056
22.143216
21.660691
21.161633
20.752871
20.397287
20.457795
21.14068
21.284804
22.17002
23.576078
24.577769
25.118383
25.37973
25.40662
25.293066
25.090759
24.833626
24.190436
23.703267
23.203306
22.40162
21.897354
21.690576
21.488276
21.191085
20.840698
20.401858
20.015698
19.771049
19.522695
19.148452
18.967628
19.07984
19.241273
20.195579
22.750177
22.921572
22.792799
24.274237
23.607767
22.717766
22.597322
22.199564
21.577053
20.948473
20.519839
20.129345
19.84245
19.482806
19.086267
18.660881
18.288196
18.1962
19.431057
20.182163
20.421907
21.106648
22.159904
23.293557
24.086702
24.651579
25.06535
25.288204
25.241509
24.960723
24.623508
24.406798
23.932446
23.130496
22.630782
22.084435
21.589296
21.174897
20.735999
20.185813
19.619827
19.151699
19.937889
20.615582
20.899643
22.524585
23.953369
24.82258
25.520545
25.982495
26.214945
26.201199
25.988598
25.605812
25.185305
24.932581
24.636041
24.253635
23.835024
23.34049
22.965296
22.569892
22.034429
21.451122
20.892538
20.419279
20.476859
21.092491
21.409149
23.158504
24.184721
24.948531
25.535446
25.923057
26.149334
26.147999
25.947117
25.591267
25.246767
24.936155
24.632643
24.421702
24.146785
23.712483
23.309246
22.935428
22.586511
22.047639
21.649733
21.296846
21.05516
21.154781
21.223075
22.598156
23.716356
24.30012
24.236466
24.258669
24.802109
25.428369
25.393361
25.067361
24.768356
24.582818
24.352763
23.838217
23.401603
22.927363
22.503603
22.120643
21.776631
21.445315
21.141937
20.906151
20.838518
21.264407
21.35424
22.385594
23.346302
24.178969
24.715148
24.974308
25.218664
25.289509
25.157097
24.915946
24.628687
24.336031
23.735889
23.168274
22.629463
21.899612
21.328049
20.74645
20.141691
19.586661
19.054643
18.57948
19.684257
20.414449
20.612882
20.935691
21.793309
23.182638
24.146606
24.525257
24.739301
24.814761
24.686642
24.448598
24.089172
23.627002
23.114575
22.64472
22.080161
21.48561
21.118972
20.840309
20.465001
20.076131
19.703589
19.41932
19.248292
19.202306
19.520036
20.185773
21.143153
22.353494
23.604363
24.451994
24.792593
24.881594
24.8261
24.577222
24.33739
24.1029
23.402057
22.495217
21.920307
21.46692
21.073861
20.690464
20.26948
19.899504
19.638144
19.430656
20.093442
20.769807
20.962199
22.060319
23.217275
23.870153
24.441244
25.001933
25.345021
25.369258
25.213274
25.000089
24.734266
24.518774
24.172435
23.468998
22.935859
22.391243
21.947164
21.528533
21.149859
20.59101
20.04255
19.640331
20.186254
20.791322
20.965884
21.81357
22.806106
23.531316
24.030648
24.350691
24.568259
24.680574
24.721405
24.646676
24.433672
24.132331
23.439842
22.545416
21.967558
21.363573
20.909344
20.432274
19.895899
19.327226
18.761695
18.451003
19.650134
20.395801
20.677107
21.958832
23.480631
24.294998
24.964604
25.433385
25.696546
25.745144
25.596352
25.32283
25.021803
24.794177
24.547032
24.358079
24.21306
23.783274
23.318973
22.841219
22.366502
21.881043
21.524417
21.37749
21.32782
21.525365
21.984396
23.268236
23.974597
24.239194
24.345615
24.261089
24.042122
23.987487
24.228889
24.279633
24.04471
23.59958
23.218415
22.747527
22.367687
21.936178
21.522142
21.130725
20.780285
20.461424
20.200689
19.885528
20.194591
20.937413
21.073299
22.17423
23.303589
24.029538
24.531375
24.983336
25.143648
24.661993
24.314289
24.340932
24.34444
24.03205
23.327138
22.739925
22.744648
22.376836
21.980419
21.502231
21.091396
20.711771
20.338429
20.071111
20.318146
20.99233
21.091807
21.204167
21.640397
22.142195
22.657087
23.058344
23.023013
22.092518
21.588045
21.279552
20.979384
20.807602
20.445723
20.073616
19.758689
19.44142
19.121438
18.792338
18.454162
18.099186
17.760342
17.448617
17.3088
17.459164
17.719761
18.301794
19.496774
21.036853
22.765294
24.021446
24.341817
24.380624
24.323959
23.46448
22.795711
22.476672
21.694549
20.941401
20.400568
19.989168
19.58869
19.28701
18.822183
18.363739
17.98492
18.025996
19.187272
19.987157
20.25136
20.589265
21.114381
21.867445
22.675076
23.347836
23.657562
23.757471
23.783148
23.958217
24.073114
23.96457
23.442746
22.797882
22.524369
22.090611
21.650004
21.203021
20.777001
20.346479
19.933686
19.631052
20.138369
20.79675
21.031538
22.655953
23.977821
24.6883
25.177959
25.324372
25.174287
25.229958
25.244228
25.142146
24.904552
24.682667
24.456664
24.258015
23.99398
23.555938
23.127744
22.700911
22.270819
21.846436
21.458677
21.21343
21.243311
21.567861
22.020469
23.323111
24.278274
24.852787
25.326444
25.655671
25.842925
25.833152
25.656629
25.37356
25.033884
24.793103
24.541628
24.232358
23.899068
23.410626
22.932901
22.466665
22.00428
21.543025
21.125902
20.810287
20.726023
21.253078
21.52518
23.191418
24.168119
24.758904
25.232414
25.657764
25.901938
25.88339
25.676345
25.377692
25.060962
24.818877
24.563956
24.321452
24.010087
23.483345
22.951563
22.419769
21.889513
21.337376
20.853607
20.528673
20.481972
21.12697
21.538533
23.273889
24.217312
24.939482
25.50027
25.801309
25.960554
25.975834
25.817874
25.524655
25.193306
24.968908
24.705357
24.465473
24.18667
23.629497
23.261061
22.905487
22.407275
21.878385
21.350138
20.993739
20.862166
21.39567
21.845173
23.084206
24.130781
24.739547
25.175937
25.422022
25.481403
25.472856
25.388019
25.156219
24.90376
24.739067
24.524904
24.366752
24.282211
24.081674
23.765512
23.402082
23.031613
22.654109
22.297464
22.045336
21.950185
22.019827
22.344349
23.028182
24.250225
25.004764
25.527882
25.880648
25.976181
25.48932
24.861774
24.662088
24.569828
24.538332
24.492435
24.181706
23.775497
23.636111
23.410007
23.230278
23.049306
22.710821
22.301217
22.168704
22.170379
22.008156
21.920185
22.632077
22.95388
23.898763
24.251257
24.117429
24.40658
24.543695
24.286678
24.223172
24.263227
24.007803
23.548307
23.1384
22.877011
22.314414
21.920234
21.55605
21.211912
20.872141
20.672612
20.616944
20.380144
20.84856
20.820056
21.247493
21.64505
23.055678
24.348647
24.966401
25.202888
24.751167
24.364827
24.514651
24.435011
24.132696
23.654795
23.067275
22.560197
22.048802
21.603199
21.177835
20.761579
20.349267
19.895004
19.477023
20.060639
20.748745
20.905682
21.867494
23.373248
24.215986
24.58463
24.508808
24.192478
24.095482
23.81986
23.528217
22.713959
22.083377
21.836984
21.474323
21.33117
20.702481
20.194609
19.809595
19.487285
19.052582
18.622956
18.384583
19.622116
20.221283
20.436197
21.228275
22.112482
22.909243
23.247667
23.238813
24.063071
24.276874
24.287218
24.238695
23.837725
23.161558
22.203981
21.47494
21.331931
20.828132
20.326514
19.899377
19.502075
19.124372
18.784124
18.535174
19.536389
20.243244
20.548608
20.954838
21.674729
22.649855
23.690813
24.265182
24.609277
24.718025
24.649598
24.493097
24.275922
23.783716
23.113494
22.455244
22.063426
21.512981
21.086711
20.672304
20.093969
19.447757
18.903071
18.507057
19.658187
20.395738
20.621947
21.001803
21.915497
23.116381
24.187354
24.710618
24.966932
24.970337
24.776682
24.542492
24.29544
23.902496
23.269962
22.588
22.070734
21.532592
21.12769
20.627067
20.108871
19.576381
19.123024
18.802944
18.604877
18.661515
19.253237
20.164137
21.190075
22.79844
24.158828
24.720133
25.03623
25.143655
25.018153
24.717832
24.486269
24.36104
24.147432
23.605181
23.014177
22.59039
22.16463
21.784061
21.387104
20.950479
20.523958
20.195677
20.392171
21.112452
21.345052
22.964391
24.005125
24.655064
25.239134
25.618124
25.80838
25.752783
25.562516
25.324137
25.049004
24.842684
24.610068
24.437799
24.346463
24.125049
23.748843
23.331387
22.911916
22.255972
21.802801
21.631789
21.613406
21.767411
22.255482
23.493661
24.271083
24.84582
25.312495
25.675312
25.908603
25.828772
25.62345
25.390165
25.121695
24.89466
24.628733
24.426979
24.182413
23.601682
23.283364
23.038477
22.684206
22.184491
21.609009
21.256121
21.131239
21.477707
21.909181
23.347218
24.351706
24.974488
25.436992
25.762166
25.979513
26.029482
25.842973
25.518049
25.18781
24.974385
24.716619
24.471035
24.21559
23.876766
23.636345
23.177058
22.668742
22.12489
21.676008
21.304344
21.147166
21.571741
22.345137
23.778209
24.525037
25.202907
25.740491
26.047563
26.203963
26.176216
25.993773
25.696912
25.387812
25.180206
24.916509
24.68799
24.557154
24.433186
24.300823
24.003145
23.639631
23.22911
22.81335
22.451579
22.257904
22.378967
23.189487
24.236147
24.847342
25.45708
25.963163
26.347217
26.558415
26.523425
26.284699
25.929725
25.54168
25.216136
24.911263
24.675482
24.490058
24.089092
23.546161
22.945498
22.393166
21.904133
21.512004
21.316103
21.391316
21.696366
21.95659
22.668666
23.959568
24.755823
25.179116
25.433437
25.459498
25.315218
25.087769
24.844517
24.438358
23.718814
23.056202
22.707025
22.105137
21.424435
20.90193
20.380728
20.049115
19.848795
19.448257
19.165893
19.055551
19.066471
19.275093
19.438135
19.082654
19.140513
20.598871
20.581105
19.964315
20.61123
21.607517
21.435874
20.993564
20.337075
19.769138
19.446837
19.120123
18.679141
18.416618
18.204756
17.997049
17.821629
17.525139
17.87681
19.113487
19.903027
20.116984
20.352154
20.587688
21.221285
21.987224
22.473496
23.22644
23.631584
23.740135
23.763164
23.262984
22.650162
22.182098
21.618228
21.301845
20.83521
20.47134
20.192184
19.935783
19.648235
19.293183
19.031265
19.81908
20.395064
20.649587
21.447894
22.580602
23.645415
24.313257
24.840502
24.601196
24.240028
24.153759
24.304741
24.417745
24.274262
24.040956
23.540652
23.02657
22.390061
21.811195
21.362651
20.945166
20.633801
20.337454
20.00432
20.276999
20.936204
21.097938
22.479475
23.887564
24.637349
25.251966
25.683185
25.973782
26.023316
25.855222
25.586321
25.251415
25.025946
24.829897
24.63684
24.485035
24.270788
23.852988
23.542216
23.218848
22.761467
22.278395
21.906105
21.809136
22.364372
23.172872
24.076956
24.831185
25.418067
25.813027
26.156679
26.414747
26.41677
26.237583
25.920396
25.544335
25.304039
25.074016
24.840587
24.661938
24.500546
24.318208
23.805778
23.225765
22.85084
22.512603
22.264651
22.197434
22.411183
23.006192
24.032286
24.64712
25.227206
25.740133
26.033605
26.180916
26.241493
26.086565
25.72133
25.332115
25.078135
24.835697
24.622539
24.44981
23.968278
23.398701
22.910181
22.395852
21.855977
21.330378
21.016625
20.815568
21.386902
21.564528
22.407116
23.804855
24.702859
25.308525
25.693744
25.8117
25.779927
25.631635
25.322376
25.015622
24.813487
24.617367
24.424543
24.112115
23.619325
23.164967
22.75037
22.297903
21.89978
21.386087
21.013897
20.900623
21.000813
21.40032
22.228861
23.781463
24.750157
25.339173
25.729237
25.913825
25.911805
25.751515
25.444582
25.12859
24.911128
24.707742
24.517775
24.28078
23.874655
23.588737
23.241652
22.761513
22.332351
21.973675
21.65417
21.528042
21.752855
22.198533
23.484551
24.209646
24.574594
24.535215
24.635257
24.663768
24.699935
24.633675
24.534479
24.608081
24.43578
24.234047
23.695563
23.12024
22.710103
22.414062
22.055891
21.746994
21.485076
21.173886
20.913023
20.76819
21.074498
21.08973
22.113916
23.111896
23.591201
23.889963
24.038036
24.12921
24.209585
24.220251
24.436397
24.585082
24.436509
24.270483
24.014553
23.523602
22.954697
22.527997
22.186171
21.892972
21.442235
20.875883
20.512215
20.52279
21.244716
21.59339
23.063812
24.172573
24.924461
25.522416
25.88427
26.051138
26.050426
25.948401
25.696971
25.355543
25.116985
24.87647
24.656311
24.479679
24.199577
23.897438
23.539364
23.068145
22.602698
22.077305
21.708447
21.625533
21.935267
22.570956
23.86637
24.678398
25.357274
25.83123
26.129854
26.302595
26.376814
26.262302
25.944555
25.573846
25.292858
24.952032
24.68489
24.535573
24.142243
23.542238
23.027428
22.577911
22.363144
21.982661
21.504041
21.233291
21.298671
21.205688
21.960553
22.683926
23.378396
23.801321
24.043835
24.241964
24.349113
24.342298
24.482272
24.532174
24.354704
24.129449
23.619548
23.101853
22.504366
21.980794
21.507756
20.946145
20.384714
19.837455
19.426782
20.103281
20.805696
21.014409
21.691166
23.35579
24.48625
25.195174
25.653694
25.885862
25.940488
25.769341
25.397934
25.05304
24.838863
24.629309
24.406503
24.028187
23.636887
23.27804
22.811367
22.218082
21.722871
21.289062
20.952361
20.714201
20.980285
21.614
22.232103
23.783024
24.806176
25.441239
25.880992
26.128841
26.143019
25.936558
25.592052
25.274171
25.078884
24.873909
24.645586
24.463823
24.234932
23.886529
23.595004
23.035551
22.550334
22.249204
21.953558
21.90049
22.254461
22.973014
24.04726
24.757494
25.464421
26.048188
26.431621
26.603982
26.567905
26.315158
25.944341
25.59887
25.35598
25.128136
24.892465
24.701954
24.531643
24.366915
24.128011
23.795672
23.461279
23.287039
23.222803
23.284144
23.375842
23.679833
24.352426
24.938892
25.507443
25.954635
26.178479
26.137951
25.998943
25.530086
25.153241
24.910796
24.703297
24.53147
24.285119
23.899259
23.463489
23.046452
22.625689
22.303093
22.001777
21.688883
21.401815
21.100832
21.281973
21.556857
22.700805
23.742245
24.800667
25.41638
25.728406
25.778674
25.589486
24.927434
24.836948
24.831366
24.74203
24.558947
24.396169
24.260964
23.903688
23.432124
22.939748
22.600895
22.156094
21.690111
21.375392
21.19545
21.602774
22.190521
23.4813
24.40769
25.170518
25.798906
26.173712
26.349325
26.382496
26.165064
25.761418
25.33473
25.051972
24.813699
24.592745
24.405723
23.977942
23.50961
23.000239
22.50438
21.988519
21.337955
21.063228
20.904232
21.352143
21.635283
23.080351
24.206371
24.919024
25.437028
25.726037
25.914722
25.945504
25.749851
25.410907
25.033303
24.549554
24.247715
23.815532
23.125237
22.355783
21.892105
21.462359
20.94322
20.48167
20.122508
19.751987
20.039538
20.628599
20.740864
20.850389
21.111739
21.41394
21.729087
22.156447
22.636084
22.876688
22.787861
22.859899
23.225687
22.996523
22.567936
22.039373
21.441107
20.940017
20.659466
20.501228
20.101359
19.650687
19.161288
18.797349
18.651076
18.767352
19.240528
19.972918
21.249482
22.766773
24.104013
24.714241
24.357779
23.820343
23.881056
24.030269
23.154703
22.56271
22.169947
22.066382
21.775394
21.4543
21.178029
21.004297
20.815027
20.633677
20.412926
20.082258
20.141608
20.778441
20.949696
21.79067
22.413315
23.026303
23.69954
23.945992
23.858378
23.778579
23.980676
24.135102
23.618487
22.990559
22.829863
22.491194
22.0637
21.610599
21.323647
20.97524
20.547569
20.100829
19.714418
19.333621
20.059309
20.735989
20.914574
21.999517
23.541918
24.282486
24.666787
24.950753
25.16846
25.322947
25.321407
25.121228
24.849188
24.642769
24.439043
24.158358
23.653077
23.139453
22.835641
22.293736
21.722426
21.213973
20.827578
20.418261
20.309961
20.948517
21.004569
21.753118
22.792023
23.497048
23.887174
24.161561
24.344153
24.385258
24.355841
24.552829
24.230855
23.924416
23.40734
22.902064
22.402944
21.890342
21.331994
20.710397
20.353533
19.983629
19.493406
19.088956
19.783745
20.487929
20.64415
21.262363
22.544797
24.153951
24.203727
24.048359
24.162613
24.630358
24.937478
24.820986
24.595379
24.396814
24.244858
23.897333
23.4335
22.950597
22.403838
21.847623
21.412271
20.944832
20.520151
20.15107
20.322443
20.995102
21.167153
22.575221
24.035437
24.832456
25.477072
25.91242
26.169737
26.200442
26.008137
25.662254
25.283988
25.014365
24.772884
24.551732
24.345078
23.872076
23.355375
22.806918
22.389499
21.973838
21.547167
21.092288
20.809998
21.497518
21.854404
22.732808
24.133458
24.917252
25.553539
25.973106
26.162873
26.158014
25.956638
25.586021
25.233358
24.998094
24.748562
24.531655
24.31064
23.963917
23.683344
23.335304
22.846268
22.384911
21.990036
21.597664
21.407862
21.517283
21.904202
23.024911
24.574881
25.402497
25.997164
26.34205
26.378585
26.152749
25.285555
24.836491
24.556434
24.413003
24.217045
23.731946
23.496216
23.26417
22.982874
22.564939
22.312249
22.164318
21.632295
21.371433
21.342964
21.714765
22.34328
23.6538
24.533851
25.125794
25.013611
24.831115
24.917096
24.957127
25.14672
25.037502
24.681183
24.49298
24.304447
24.053146
23.693991
23.195928
22.715127
22.302079
22.03427
21.607961
21.233729
21.02568
21.148479
21.385324
21.727739
23.567285
24.659932
25.355961
25.840303
26.182821
26.459518
26.467788
26.265206
25.95561
25.497922
25.172295
24.876909
24.671665
24.585638
24.459621
24.275069
24.032041
23.659583
23.40634
23.122713
22.662427
22.436705
22.531398
22.982423
24.250238
25.013605
25.686043
26.201953
26.504835
26.665714
26.714681
26.533811
26.176504
25.724262
25.398937
25.077071
24.807721
24.672866
24.555652
24.431425
24.22278
23.938266
23.567924
23.081678
22.693896
22.518667
22.657227
23.254181
24.263285
24.968295
25.744275
26.303459
26.476898
26.481368
26.450225
26.296404
25.987008
25.572784
25.257029
24.898564
24.647767
24.515574
24.481351
24.359968
24.208891
24.113718
23.716392
23.319339
23.281598
23.430788
23.383252
23.56522
24.342903
25.000666
25.009606
24.939413
25.014815
25.064656
25.240557
25.474414
24.913969
24.700221
24.458687
24.102175
23.692142
23.294201
22.867346
22.512597
22.135563
21.740239
21.360096
21.015624
20.73478
20.63267
21.249651
21.491651
22.384552
23.413144
24.479792
25.048846
25.241028
25.1875
24.613436
24.416132
24.050073
23.485961
23.092095
22.571996
21.844609
21.32009
20.92822
20.732573
20.692209
20.414412
20.048137
19.628648
19.23793
18.830831
18.62456
18.923881
19.427815
20.181035
20.786772
20.922016
21.026101
21.439139
22.246904
22.984416
23.044438
22.43679
21.820012
20.994744
20.448332
20.012101
19.692535
19.38224
19.11525
18.760479
18.27299
17.787785
17.948633
19.130526
19.841253
20.083156
20.54255
21.219296
22.102287
22.859294
23.199412
23.559878
23.770842
23.88622
24.148898
24.218646
24.040168
23.461784
22.636822
22.388097
22.056941
21.582898
21.09412
20.70907
20.233685
19.718778
19.321286
19.999008
20.594095
20.925354
22.806357
24.147457
25.024984
25.680884
26.107388
26.345959
26.400993
26.231397
25.880725
25.428785
25.108006
24.841628
24.6087
24.451369
24.156765
23.735031
23.238064
22.758658
22.336091
21.913414
21.514297
21.233936
21.406458
22.023809
23.867006
24.795162
25.577203
26.114111
26.41038
26.610582
26.584276
26.240485
25.917172
25.576776
25.256122
24.91163
24.637831
24.493321
24.315495
24.107943
23.756072
23.233102
22.764303
22.458093
22.089159
21.699788
21.682809
22.499633
24.103098
24.928554
25.653731
26.169104
26.517016
26.771848
26.776735
26.545209
26.184509
25.709668
25.35463
25.093626
24.864777
24.68441
24.526885
24.25452
24.015153
23.794608
23.391267
23.116127
22.810333
22.606605
22.783012
23.507625
24.457248
25.145177
25.849061
26.455302
26.803784
26.972821
26.921386
26.694474
26.334099
25.833522
25.46288
25.139727
24.889527
24.725809
24.566214
24.34301
23.911965
23.477583
22.966435
22.478043
22.032907
21.747862
21.902075
22.581817
24.031451
24.864251
25.627459
26.223228
26.589351
26.758557
26.717176
26.48605
26.109978
25.664947
25.335112
25.001603
24.747616
24.591193
24.448995
24.112408
23.692705
23.288139
22.787919
22.383724
21.977054
21.684362
21.721287
22.409295
23.846808
24.766638
25.501639
26.064522
26.432446
26.615945
26.660516
26.461239
26.074399
25.63627
25.315544
25.020611
24.817579
24.643438
24.48668
24.357469
24.118059
23.736939
23.360699
23.10526
23.018678
22.921014
22.985715
23.328248
24.333839
25.078626
25.735683
26.166778
26.335983
25.776885
25.27335
25.331147
25.395809
25.10847
24.85057
24.658805
24.511591
24.367763
23.786648
23.2833
22.830749
22.440172
22.262085
22.035988
21.568954
21.257762
21.245789
21.235954
22.121661
22.609611
22.911306
23.362323
23.649148
24.040995
24.182795
24.221684
24.141536
23.646348
23.042797
22.474665
21.962917
21.633293
21.136611
20.689031
20.208298
19.757148
19.371552
19.040179
18.740302
19.569456
20.196474
20.368706
20.708674
21.189154
22.065978
22.785431
23.236424
24.341495
24.447257
24.141207
23.900538
23.4693
22.875767
22.037372
21.388104
21.208901
20.402528
19.802479
19.385317
18.951565
18.469979
17.965572
18.023333
19.179328
19.870518
20.119826
20.511403
21.162862
22.08475
22.975499
23.543221
23.830882
23.954399
23.934913
23.887591
23.560439
22.872998
22.267691
21.928899
21.765352
21.386753
21.061139
20.705617
20.362581
19.98662
19.658201
19.411843
19.897742
20.418694
20.500041
21.369979
23.403673
24.37321
24.328575
24.157122
24.309608
24.404261
24.395328
24.560006
24.535185
24.301137
23.846885
23.209312
22.936543
22.456192
21.992012
21.494319
21.035523
20.567797
20.07703
19.67942
20.120907
20.733023
21.008313
22.51765
24.101054
24.944828
25.657568
26.145706
26.434156
26.43567
26.172722
25.771533
25.327913
24.997441
24.716346
24.503245
24.224186
23.970657
23.661659
23.159455
22.669434
22.150362
21.711821
21.38782
21.157175
21.168385
21.442959
22.288234
23.689239
24.580228
24.878079
24.955252
24.812989
24.544799
24.281485
24.228076
23.801489
23.289057
22.838119
22.472716
22.178109
21.921699
21.670684
21.46919
21.265433
20.954212
20.608814
20.290306
20.208395
20.675122
20.62418
20.685582
20.711427
20.719415
20.698406
20.665335
20.620532
20.552779
20.547073
20.566929
20.65242
20.556421
20.49054
20.449534
20.412651
19.023083
17.977057
17.453112
17.07642
16.617296
16.150299
17.219092
18.533199
19.316543
19.586667
19.919831
20.221553
20.610107
21.338001
21.88297
22.77265
23.47064
23.639006
23.843689
23.706728
22.952845
22.15263
21.418789
21.22896
20.444092
19.864726
19.382083
18.935545
18.403006
17.888411
18.054372
19.219669
19.965581
20.291792
21.662506
23.560858
24.556718
25.348535
25.90152
26.244937
26.319341
26.138523
25.765566
25.282629
24.937365
24.641307
24.373882
24.071514
23.722178
23.394859
22.926246
22.452024
22.086025
21.751797
21.430849
21.125942
21.350017
21.781647
23.588307
24.504442
25.289757
25.964824
26.411407
26.665745
26.676541
26.429662
26.034542
25.514035
25.117809
24.835936
24.620938
24.457565
23.991385
23.477043
23.106857
22.760982
22.369198
22.018998
21.637712
21.234398
21.389948
21.839443
23.654435
24.644036
25.423032
26.086377
26.548612
26.792179
26.77823
26.543692
26.136594
25.571935
25.162908
24.879803
24.643705
24.49931
24.186077
23.735235
23.432461
23.068916
22.58804
22.181831
21.83971
21.479894
21.523059
21.975371
23.128489
24.233575
24.882023
25.342546
25.806781
26.072114
26.068876
25.83335
25.48178
25.090263
24.788432
24.482547
24.071941
23.802894
23.405852
22.977088
22.568255
22.176368
21.775175
21.429803
21.102416
20.764398
20.657199
21.108746
22.299975
23.790321
24.805127
25.406101
25.892532
26.165347
26.140565
25.901369
25.514999
25.08019
24.816425
24.585475
24.287555
23.988519
23.58853
23.246565
23.006992
22.576839
22.103411
21.765103
21.449678
21.157199
21.344851
21.684062
23.197639
24.070503
24.614169
25.135944
25.663759
25.882046
25.855221
25.79684
25.585457
25.155478
24.812051
24.56875
24.424691
24.269772
23.835162
23.47955
23.121112
22.77453
22.41226
22.227144
22.109346
21.786017
21.671706
22.447327
24.26121
24.971466
25.469505
26.098419
26.570074
26.76925
26.781808
26.580499
26.223759
25.69461
25.234754
24.911172
24.675664
24.505816
24.169493
23.756298
23.32961
22.928918
22.558817
22.19138
21.694627
21.301552
21.398832
22.12725
24.170951
25.130556
25.983004
26.615373
26.786456
26.712313
26.264738
26.11846
25.963024
25.392952
24.955076
24.702917
24.439412
24.000738
23.4435
23.03776
22.705679
22.275997
22.0609
21.894655
21.599799
21.272208
21.365246
21.76826
23.567457
24.537504
25.286502
25.879521
26.247089
26.512634
26.463565
26.283368
25.97447
25.442279
24.958858
24.683186
24.501003
24.285919
23.970914
23.67631
23.477735
23.333809
23.098939
22.841326
22.608498
22.485371
22.501765
22.781705
23.991739
24.20376
24.286864
24.609764
24.864448
25.070854
25.190449
25.168952
25.285941
25.193905
24.818324
24.583853
24.400161
24.17264
23.821289
23.474487
23.056812
22.692917
22.39402
22.171656
21.88847
21.516401
21.612015
22.293959
24.048651
25.167493
25.974451
26.58791
26.992292
27.201779
27.118744
26.78784
26.315129
25.776786
25.337818
25.070115
24.90012
24.730853
24.57767
24.394389
23.956194
23.544568
23.176928
22.720815
22.319509
21.974271
21.838766
22.400119
23.624874
24.697316
25.351864
25.819759
26.042211
26.018056
25.402589
24.767884
24.702931
24.655214
24.385594
23.979145
23.563232
23.181082
22.840617
22.390935
21.97135
21.682754
21.458632
21.215699
20.967889
20.749022
21.166884
21.148463
21.720847
22.216321
22.71709
23.055333
22.947714
23.373369
23.756709
23.87627
23.779671
22.771688
21.83382
21.375641
21.203915
21.067083
20.279497
19.901034
19.511017
19.018525
18.723498
18.512148
18.257348
19.361173
20.088838
20.26006
20.492326
21.000398
21.842502
22.81611
23.618989
24.033595
24.505491
24.508689
24.327709
24.301148
23.864293
23.412867
22.847916
22.181993
21.591602
21.102399
20.53495
19.957034
19.512301
19.163105
18.802717
19.610675
20.226538
20.357159
20.654172
21.2848
22.212894
23.441809
24.886332
25.32229
24.751659
24.585198
24.953191
24.352052
23.718515
23.027089
22.381576
21.98181
21.363214
20.751676
20.174572
19.722919
19.246096
18.756717
18.341108
19.456102
20.230817
20.384943
20.732713
21.616161
23.435888
25.213126
24.94784
24.60166
24.60091
24.557623
24.737617
24.683781
24.340694
24.011462
23.538997
23.106971
22.60488
21.961391
21.413893
21.031565
20.718904
20.339646
19.892863
20.162701
20.732419
20.989838
22.508602
24.342199
25.14184
25.697848
26.153412
26.422238
26.502941
26.334629
25.931273
25.354799
24.91207
24.651779
24.405667
23.966352
23.362155
22.876398
22.390391
21.856452
21.242399
20.686961
20.180871
20.308127
20.868158
21.182003
22.405548
24.399499
25.370409
25.992833
26.343324
26.426599
26.386761
26.215781
25.81476
25.288732
24.886027
24.632805
24.312
23.732201
23.150899
22.666727
22.155568
21.653477
21.166039
20.671624
20.18832
19.766694
19.531081
19.899921
21.334618
23.578131
25.078749
25.798491
26.303346
26.563043
26.583387
26.368874
25.922691
25.365685
24.945027
24.695494
24.500048
24.057878
23.568852
23.121668
22.544273
21.986574
21.523373
21.118147
20.640665
20.452641
20.991389
21.319097
23.374632
24.825893
25.606659
26.07193
26.357788
26.50467
26.491526
26.310579
25.941556
25.443783
25.05512
24.828784
24.661648
24.543211
24.373989
24.098245
23.931462
23.713708
23.474901
23.042195
22.570378
22.210874
22.103034
22.522931
24.275775
25.307161
26.046504
26.530806
26.797151
26.928785
26.877875
26.573914
26.087034
25.574881
25.177754
24.915195
24.723251
24.576568
24.243647
23.711481
23.284589
22.961218
22.661499
22.391259
22.155159
21.732374
21.550114
21.669029
22.87035
23.801193
24.726416
25.091832
24.838156
24.945961
24.94945
24.863349
25.011644
24.946753
24.587984
24.40568
24.116791
23.563199
22.977805
22.484075
22.045668
21.557838
20.997091
20.537546
20.068733
20.236558
20.76818
21.05971
22.703354
24.507587
25.468482
26.208437
26.708901
26.969429
26.939441
26.684848
26.237041
25.590108
25.083587
24.802596
24.571449
24.129871
23.495149
22.9025
22.314042
21.836366
21.298922
20.749408
20.217906
20.324978
20.847427
21.174814
22.963535
24.70897
25.690176
26.421336
26.899192
27.162269
27.153058
26.917955
26.460207
25.765209
25.233831
24.925103
24.729268
24.558152
24.149367
23.578141
22.99404
22.514017
22.097209
21.641042
21.235584
20.798102
21.20884
21.538417
23.458902
24.931939
25.798607
26.47375
26.93819
27.200317
27.181615
26.907809
26.366862
25.686747
25.254842
24.953151
24.67696
24.343795
24.018646
23.660889
23.265866
22.724161
22.208505
21.837884
21.425921
21.040798
20.7885
20.918415
21.900956
24.062016
25.322763
25.931805
26.191766
26.272156
26.31218
26.122584
25.702169
25.176812
24.80259
24.566337
24.245163
23.86872
23.42312
22.898173
22.544247
22.260728
21.970509
21.612555
21.326292
20.974229
21.206992
21.520226
23.584181
24.87444
25.653187
26.047512
26.092159
26.145342
26.103282
25.790088
25.35311
24.918109
24.612058
24.178325
23.676428
23.260012
22.629819
22.091803
21.36222
20.729205
20.102838
19.461131
18.863239
19.649775
20.286429
20.679205
21.708606
23.302598
24.327456
24.699836
24.60212
24.502098
24.439854
24.340582
24.239698
23.625045
22.883355
22.382471
21.942832
21.54399
21.106231
20.699387
20.242238
19.765361
19.322401
18.920211
18.476395
19.497688
20.156831
20.456094
21.12666
22.347128
23.38909
24.028031
24.458628
24.662093
24.697658
24.610042
24.454437
23.79865
22.705886
21.806017
21.380687
21.227899
20.457306
19.78517
19.251526
18.771758
18.348547
18.01387
18.034504
19.1421
19.78612
19.965751
20.327447
20.749888
21.483276
22.288142
22.903413
23.756466
24.054925
24.112172
24.269001
24.102469
23.241364
22.50811
21.842321
21.434117
20.747633
20.126914
19.622096
19.135347
18.662443
18.213926
18.185938
19.330913
20.02959
20.3933
21.476909
23.539188
24.74203
25.487403
25.9478
26.196817
26.23648
26.061176
25.696118
25.131383
24.745592
24.525392
24.262198
23.921244
23.454649
22.969022
22.377211
21.926082
21.498448
21.007571
20.567557
20.425289
20.936329
21.178308
22.200672
24.105471
25.207076
25.791719
26.044064
26.108999
26.06
25.899163
25.485078
24.968226
24.660409
24.481884
24.259031
23.85545
23.351937
22.863769
22.508032
22.188445
21.716906
21.284575
21.013232
20.728689
20.492016
20.574872
21.444475
23.093726
24.754662
25.464427
25.877258
26.20975
26.268829
26.066191
25.581775
24.977762
24.53596
23.97213
23.452952
22.852251
22.265806
21.691541
21.18012
20.645647
20.13691
19.669319
19.186839
19.85987
20.459395
20.765733
21.791886
23.194232
24.183621
24.744608
24.919791
25.182657
25.374135
25.251306
24.967538
24.644546
24.417493
24.254778
23.853008
23.486606
23.114131
22.71097
22.413249
21.923343
21.474745
21.154247
20.860336
20.634362
21.111761
21.306633
22.893449
24.321763
25.343584
26.060236
26.413651
26.586987
26.548548
26.285849
25.832988
25.220523
24.800223
24.564401
24.213961
23.754731
23.107218
22.543932
22.100283
21.652243
21.229055
20.819322
20.412196
20.343724
20.840865
21.122905
22.821589
24.519798
25.286056
25.587175
25.557677
25.4486
25.186473
24.933695
24.713414
24.478658
24.141905
23.59799
23.079483
22.699909
22.135175
21.547073
20.946423
20.421873
19.944778
19.477466
18.993192
19.743911
20.33953
20.908791
22.729842
24.426544
25.258021
25.908575
26.123751
25.385915
24.848008
25.460692
25.221811
24.713759
24.113036
23.561144
22.971387
22.401836
21.774478
21.177975
20.565044
19.995158
19.404215
18.745737
18.402568
19.485216
20.117135
20.677136
22.193492
24.228341
25.141544
25.859888
26.34751
26.524981
26.277644
25.86246
25.418003
24.869546
24.407318
23.844039
23.287225
22.810347
22.20907
21.689894
21.19138
20.728514
20.288733
19.858042
19.416455
20.030644
20.540125
20.567888
20.628095
20.650783
20.46489
20.809656
20.839753
20.773146
20.717564
20.643329
20.54771
19.238706
18.291084
17.749515
17.325966
17.010833
16.811176
16.64204
16.467482
16.244482
16.004027
15.887588
15.78738
15.70377
15.634703
16.042166
17.333373
19.888383
22.900173
24.688202
25.357183
25.608926
25.67616
25.530881
25.138889
24.582151
23.684237
22.676046
22.035804
21.319785
20.571159
20.013636
19.453706
18.899249
18.468705
18.013687
18.103828
19.225759
19.930329
20.494757
21.703708
23.782142
23.955975
23.61119
23.592597
23.807067
23.760002
23.755932
23.932741
23.795473
22.990119
22.510198
22.140285
21.715853
21.141704
20.692552
20.221485
19.748407
19.43744
19.076683
18.679305
19.566912
20.196423
20.768456
22.49344
24.402158
25.320323
26.07624
26.565044
26.845968
26.912897
26.681728
26.183986
25.457565
24.928469
24.647595
24.334559
23.775653
23.02384
22.393886
21.697829
21.008339
20.450561
19.768614
19.101863
19.864665
20.400294
20.793457
22.004169
24.260692
25.431383
26.205019
26.671915
26.89674
26.687836
26.118361
25.604664
25.139959
24.770294
24.489037
24.092222
23.602932
22.894083
22.295808
21.739805
21.208236
20.649731
20.043849
19.511325
20.051271
20.534503
20.927009
22.311083
24.347186
25.120701
25.511547
25.721924
25.846279
25.786181
25.578275
25.248188
24.818141
24.528352
24.300498
23.905744
23.469433
22.925827
22.355008
21.792039
21.307209
20.965217
20.572522
20.20483
20.295147
20.810147
21.022542
21.973022
23.448788
24.652066
25.603831
26.227249
26.381726
26.287708
25.997819
25.509448
24.94252
24.440539
23.523003
22.715354
22.060153
21.20955
20.417295
19.53547
18.61461
17.802238
16.992816
17.648969
18.807308
19.452542
19.674844
20.092762
20.584761
20.982124
21.263644
21.489093
21.763061
21.770295
21.590865
21.60056
21.216932
20.237989
19.337151
18.764807
18.239594
17.671372
17.088335
16.473294
16.130388
15.959187
15.817508
15.67107
15.543805
15.41051
15.804687
16.807487
19.171823
22.023887
24.338681
25.385141
25.850737
25.946749
25.708704
25.157678
24.284597
23.189141
22.09117
21.340932
20.477426
19.564352
19.052661
18.552882
17.934514
17.444365
16.973764
17.675515
18.959282
19.717178
20.044696
20.501469
22.017813
24.398165
25.428643
26.057609
26.438539
26.473157
26.163259
25.600973
24.931568
24.573248
24.132805
23.660241
23.25391
22.754382
22.341
21.95364
21.551355
21.039203
20.462086
19.961295
20.186614
20.657237
21.140218
22.982687
24.695191
25.425627
25.67531
25.51848
25.159295
24.854662
24.618113
24.294956
23.406613
22.603097
21.92765
21.522484
21.309964
20.20003
19.345561
18.632104
18.021386
17.41089
16.794027
17.601887
18.848912
19.496985
20.037096
20.96473
22.659362
24.418339
24.111393
23.640005
24.077888
24.19137
24.331302
23.897511
22.392809
21.546468
21.19111
20.941456
20.751351
18.859677
17.636315
16.759161
16.272566
15.999591
15.793209
16.853423
18.125662
18.848673
19.094164
19.572816
20.132608
20.649648
21.132323
21.749481
22.700763
23.191983
23.219784
23.060277
22.280353
21.389574
21.068229
20.899531
20.780854
19.106842
18.04602
17.295434
16.602684
16.2437
16.050525
17.182738
18.522754
19.304905
19.65109
20.033139
20.324812
20.581563
20.79671
20.999509
21.460959
21.510112
20.953096
20.636194
20.521006
20.48414
20.411525
20.256596
20.113515
18.17183
16.763468
16.152517
15.907485
15.708013
15.549453
16.658605
17.980293
18.757187
19.027207
19.421399
19.912707
20.389045
20.779862
21.091584
21.304684
21.360124
21.26385
21.164547
20.421166
19.466849
18.620261
18.062734
17.537544
17.008998
16.581318
16.192822
15.966791
15.840577
15.680116
15.513203
15.411538
15.395933
15.669241
16.10925
17.48835
20.248538
22.650479
24.275068
24.979132
25.174821
24.926819
24.248864
23.08483
22.181001
21.486141
20.919438
20.299533
19.723785
19.312242
18.952046
18.548525
18.219909
17.928897
18.045974
19.211086
19.912026
20.323053
21.04716
22.42909
24.068719
25.08961
25.72486
25.921551
25.825025
25.60169
25.159408
24.681368
24.360846
23.784865
23.196641
22.741248
22.181062
21.749053
21.327511
20.918902
20.489935
20.017523
19.595
20.047705
20.535372
20.828089
21.745897
23.409959
24.681865
25.416406
25.837561
26.047889
25.914581
25.576954
25.168084
24.763118
24.401952
23.819466
23.275133
22.685029
21.935609
21.328264
20.722488
20.011762
19.288736
18.740078
18.453794
19.561168
20.187268
20.395037
20.762323
21.109282
21.678886
22.145879
22.315513
22.79139
23.155448
23.097257
22.598047
21.599327
21.227722
21.095016
20.994628
20.891558
19.682095
18.952814
18.467238
18.043048
17.59633
17.120981
17.753066
18.95223
19.651165
19.877354
20.374182
21.00769
22.210458
23.782612
24.934019
25.5266
25.718164
25.51681
24.922449
24.271676
23.306898
22.411349
21.792577
21.494892
20.653439
19.939282
19.31812
18.622789
18.085124
17.558245
17.928934
19.084494
19.758884
20.126257
21.040616
22.864175
24.756489
25.484566
25.838931
25.791681
25.395623
24.929721
24.590996
24.182839
23.454917
22.737031
22.174621
21.687235
21.086683
20.549595
20.029159
19.568263
19.217468
18.948432
18.612292
19.54506
20.171458
20.453357
21.232612
23.022526
24.953325
25.810818
26.334371
26.58269
26.519226
26.101191
25.358988
24.781415
24.251654
23.47314
22.875641
22.226401
21.578251
21.029399
20.461561
19.861094
19.343389
18.844304
18.219267
17.651432
17.375615
17.396218
17.631588
17.961722
18.388264
18.789096
19.455232
19.997218
19.804426
19.409596
19.084563
18.607139
17.901777
17.493631
17.632381
17.464689
17.176537
16.857747
16.596152
16.24578
15.918175
15.804731
16.94885
18.328527
19.139518
19.326621
19.52799
19.660027
19.801377
19.827447
19.85032
19.907298
19.968368
20.132611
20.278055
20.171472
20.086854
20.051144
20.012347
19.985971
18.186302
17.036352
16.509706
16.142022
15.969669
15.79953
16.909566
18.282726
19.086175
19.514137
20.565102
22.345078
24.405967
25.344318
25.828784
25.890541
25.450791
24.837992
24.485207
23.787217
22.780003
22.077565
21.562325
21.30954
20.469874
19.963597
19.457568
18.727088
18.1548
17.665061
18.081451
19.257786
19.941508
19.978738
20.094651
20.293792
20.700758
21.710726
22.583337
23.344554
23.629532
23.515342
23.426973
22.694073
21.73433
21.309883
21.132792
20.980696
19.746358
19.019404
18.504421
18.043861
17.665595
17.287791
17.819459
19.018883
19.733255
20.037292
20.895371
22.636371
24.418604
25.327682
25.780201
25.960603
25.894181
25.579018
25.057582
24.490582
23.638535
22.85566
22.263469
21.749627
21.152475
20.667861
20.204843
19.740992
19.241713
18.675607
18.365146
19.459737
20.0977
20.335471
21.199954
23.28891
24.857744
25.620022
26.099054
26.362271
26.281762
25.891739
25.26433
24.689837
24.08577
23.412625
22.845265
22.290682
21.580774
20.955146
20.301917
19.549004
18.838772
18.270283
18.247
19.374171
20.060967
20.167812
20.31755
20.540675
20.779243
20.966311
21.19467
21.649461
22.14214
21.987954
21.39852
20.295407
19.435244
18.754231
18.273503
17.824729
17.386865
17.019068
16.691124
16.352859
16.098967
15.96111
15.851548
15.760441
15.669572
15.592836
15.570128
15.564333
15.551311
15.526346
15.487367
15.431811
15.213024
15.272686
15.211037
15.152946
15.085728
15.012416
14.963942
14.929301
14.89713
14.855292
14.692929
14.600179
14.553085
14.49949
15.76117
17.27767
18.163276
18.376417
18.898546
19.421639
19.908686
20.358576
20.765735
21.074677
21.182827
21.108854
21.031083
20.75132
20.511453
20.370033
20.261643
20.153935
17.777989
16.434933
16.136127
15.91664
15.730985
15.56469
16.676163
18.026655
18.828042
19.089169
20.276241
21.358308
23.152003
25.033666
25.804632
26.213972
26.187191
25.764303
24.97514
23.6458
22.356318
21.673194
21.388478
21.152025
19.370406
18.015917
17.023269
16.495248
16.218405
15.988771
17.048953
18.347002
19.091311
19.298194
20.330672
21.315325
22.578622
24.418562
25.442687
25.743129
25.677336
25.245551
24.124857
22.156306
21.515081
21.173967
20.897635
20.668268
17.855464
16.639428
16.254043
15.957019
15.711736
15.501953
16.5929
17.951473
18.738889
18.954299
20.070171
21.099804
22.159779
23.964917
25.340932
25.751852
25.739655
25.304405
24.192198
22.224417
21.558642
21.255557
20.99433
20.78
18.447045
17.045471
16.53761
16.330287
16.131634
15.977921
17.1021
18.453805
19.231033
19.429583
20.150969
21.019287
21.812192
22.23717
22.518681
23.069941
23.333793
22.955696
22.278626
21.325727
21.025412
20.84061
20.701613
20.603549
18.803662
17.697552
17.074625
16.659783
16.326077
16.191805
17.369323
18.73611
19.527184
19.643678
19.803247
19.8865
19.945055
19.993453
20.003708
20.085549
20.21848
19.991405
19.958053
18.077169
16.953444
16.330082
16.069241
15.923108
15.788621
15.654196
15.527388
15.403468
15.289557
15.179329
15.088026
15.016312
14.941137
14.880706
14.913509
14.925651
14.94565
14.951043
14.940601
14.911174
14.826106
14.704754
14.608742
14.55975
14.514872
14.465341
14.412238
14.363967
14.340354
14.32247
14.318411
14.306048
14.283701
14.267132
15.563725
17.087932
18.001497
18.308783
19.366386
20.382366
21.33749
22.954567
24.679623
25.315064
25.384782
24.95106
23.568895
22.011347
21.446804
21.203937
20.969294
20.791389
18.803269
17.578717
16.743455
16.349121
16.141581
15.944469
17.011829
18.34245
19.123561
19.320242
20.248218
21.118589
22.211534
23.784957
24.009484
23.450233
22.787181
22.155738
21.723865
21.273873
21.097083
20.960216
20.825698
20.727849
19.77593
19.433926
18.749802
17.890772
17.463241
17.137324
17.738957
18.984614
19.702568
19.83566
20.520577
20.943607
21.646997
22.772854
23.381151
23.406289
22.715235
21.938696
21.386199
21.100621
20.937962
20.803898
20.674916
20.576537
18.83305
17.842189
17.225772
16.677845
16.267292
16.03555
17.087365
18.384365
19.146048
19.350344
20.315402
21.319833
23.019215
24.84176
25.306872
25.362521
25.131572
24.676737
23.858015
22.551114
21.711998
21.434499
21.309958
21.204345
20.334011
19.694232
19.218165
18.865475
18.373942
18.10238
18.093528
19.22719
19.887238
20.010164
20.808113
22.407185
24.437296
25.429438
25.957702
26.221048
26.077958
25.398938
24.727432
24.101197
23.284588
22.596055
21.937322
21.549972
20.758324
20.047019
19.241876
18.610386
18.167799
17.712011
18.040275
19.173006
19.86011
19.982719
20.214898
20.573401
20.925785
21.223784
21.433653
21.476158
21.358118
21.094
20.829511
19.649129
18.926959
18.407113
17.926906
17.540489
17.114396
16.620821
16.205851
16.02145
15.884846
15.764815
15.664598
15.57224
15.485129
15.459274
16.337323
18.11074
20.107831
21.967598
23.642829
24.8621
25.028083
23.937799
22.233868
21.213542
20.491753
19.847231
19.193095
18.672955
18.112725
17.610018
17.352987
17.025277
16.687464
16.340407
17.303388
18.613761
19.374592
19.554038
20.375476
21.908041
24.19814
25.227616
25.680722
25.83653
25.741808
25.142676
24.519843
23.683539
22.770547
21.949587
21.515667
21.325028
20.340991
19.574136
18.962306
18.158555
17.402053
16.870481
17.625531
18.86972
19.555088
19.665117
20.565525
22.014131
24.363241
25.407366
25.962634
26.225701
26.04553
25.334764
24.600471
23.544876
22.492007
21.744957
21.465208
21.249501
19.792584
18.705217
18.024588
17.353529
16.691385
16.283065
17.335732
18.640529
19.375924
19.555068
20.53112
21.617833
22.613889
22.58469
21.958138
21.759131
21.806739
21.599011
21.190074
20.934419
20.789795
20.718079
20.653432
20.59261
19.413045
18.812008
18.474896
18.065227
17.548352
17.13419
17.745781
18.938127
19.655066
19.802697
20.321484
20.981492
22.187655
23.370826
24.273117
24.486726
24.335792
24.041518
23.348998
22.310109
21.533554
21.237319
21.113374
21.012831
19.823777
19.006259
18.409114
18.004617
17.574496
17.061821
17.678215
18.919908
19.651779
19.792001
20.641639
22.251448
24.225047
25.060521
25.550893
25.757417
25.681121
25.131023
24.522228
23.814011
23.047519
22.369179
21.803215
21.523891
20.937885
20.384958
19.834425
19.331486
18.793977
18.212132
18.184881
19.300836
19.949738
20.012672
20.58589
21.392784
22.974879
24.924316
25.556944
25.670886
25.462133
24.818458
23.543799
22.443516
21.597444
20.818696
20.050297
19.339067
18.622895
17.996525
17.416056
16.882458
16.464374
16.183036
16.018826
15.850353
15.720844
15.627696
15.820741
16.304321
17.114321
16.979643
16.445734
16.10535
15.950405
15.789693
15.65143
15.534441
15.431661
15.341896
15.246343
15.178254
15.095525
15.055137
15.074609
15.083817
15.03872
14.974448
16.263162
17.781427
18.673858
18.886313
19.648684
20.701999
22.491933
24.395592
25.061062
25.227064
24.936288
24.338535
23.477981
22.379246
21.625612
21.345241
21.17101
21.020848
19.738951
18.837923
18.226112
17.685093
17.158487
16.673616
17.564594
18.863648
19.592408
19.693414
19.913294
20.05791
20.139024
20.176794
20.195446
20.234743
20.245487
20.231581
20.190199
20.081328
20.015086
19.973944
19.915155
19.827302
17.24393
16.10838
15.826599
15.610371
15.419974
15.266683
16.434214
17.850618
18.688898
18.889276
19.524083
20.521686
21.437218
23.000674
24.531471
25.073863
25.060904
24.448427
23.075605
21.732406
21.319783
21.082427
20.886154
20.709446
18.54903
17.141224
16.469942
16.186785
15.988683
15.778067
16.853581
18.203613
18.986308
19.126227
19.697578
20.605343
21.101627
21.138557
21.008035
20.891515
20.903021
20.761706
20.570435
20.402398
20.269052
20.18319
20.105939
20.030588
17.696102
16.376418
16.124877
15.969745
15.812733
15.67205
16.820499
18.205162
19.010391
19.160108
19.769743
20.902841
22.706204
24.5886
25.309285
25.652832
25.532803
24.871789
24.137116
23.046361
22.154193
21.667769
21.409432
21.228351
20.169038
19.400675
18.523597
17.645748
17.015602
16.842286
17.803882
18.99965
19.671819
19.752371
20.196689
21.267667
22.802354
24.377941
25.152782
25.334931
25.046216
23.953973
22.583863
21.651609
20.912815
20.332572
19.817116
19.299944
18.58002
17.788281
17.175415
16.493363
16.211495
16.037549
15.905923
15.737427
15.556945
15.429353
15.776278
16.799884
18.7981
21.021839
22.623619
23.384432
23.177265
21.848892
19.999185
18.671422
17.826169
17.225957
16.599871
16.230788
16.006501
15.810179
15.63749
15.485901
15.366718
15.222613
16.377464
17.822408
18.652472
18.814346
19.288236
20.415262
21.361616
22.677319
24.003099
24.96368
24.974935
24.173999
22.677545
21.529487
21.162009
20.915223
20.717847
20.552742
18.377186
17.198474
16.531016
16.269441
16.109607
16.011374
17.156654
18.507437
19.304836
19.469403
19.851119
20.534644
20.804557
20.80017
20.752556
20.673693
20.525959
20.430715
20.362598
20.245744
20.145676
20.08513
20.019976
19.957625
17.56148
16.294291
15.987
15.779294
15.612095
15.455828
16.58652
17.966197
18.789515
18.957366
19.415494
20.516535
21.464319
22.296738
21.867172
21.464044
21.237662
20.969763
20.728866
20.469607
20.276216
20.139336
20.023393
19.921744
17.239524
16.19279
15.909093
15.688748
15.518156
15.34831
16.461967
17.86728
18.754346
18.990807
19.391314
20.040277
20.858058
21.93843
22.90819
24.040473
24.33911
23.379761
22.027983
21.252938
20.98537
20.801636
20.66378
20.563584
18.886184
17.960587
17.197532
16.416689
16.044858
15.800026
16.841129
18.120689
18.866397
18.978144
19.190656
19.784758
20.347625
20.787398
21.119917
21.465978
21.572853
21.153417
20.886389
20.755085
20.551006
20.394906
20.31299
20.234986
17.735675
16.475132
16.140103
15.887174
15.691481
15.508354
16.612954
17.959967
18.746363
18.862084
19.029458
19.321625
19.46624
19.493139
19.513719
19.541393
19.474857
19.31863
19.212623
16.239905
15.547222
15.295207
15.092124
14.938189
14.811976
14.690265
14.601974
14.511684
14.424564
14.351702
14.2836
14.227373
14.152935
14.061292
14.174321
14.798253
15.57472
16.330147
16.796943
16.936866
16.753927
16.119263
15.484385
15.178576
14.980581
14.802083
14.641011
14.525287
14.404673
14.287619
14.220611
14.168427
14.098138
14.036113
15.324919
16.872318
17.81335
18.053777
18.601981
19.871342
20.922998
21.880252
23.016184
24.189586
24.471934
23.294345
21.666305
21.111381
20.799854
20.571405
20.398949
20.227296
17.474606
16.385229
16.070901
15.824771
15.649586
15.493212
16.566914
17.902942
18.704185
18.856747
19.33947
20.617938
21.731417
23.408749
24.896217
25.440856
25.359711
24.450876
22.591159
21.511827
21.137609
20.89143
20.692324
20.517844
18.047538
16.66102
16.301838
16.041
15.812519
15.635889
16.718664
18.029078
18.798548
18.927226
19.374595
20.570708
21.604477
23.1907
24.317525
24.427799
23.301315
21.868394
21.33907
21.070644
20.864485
20.743029
20.638857
20.519376
18.527461
17.445394
16.72483
16.281952
16.045259
15.8387
16.911838
18.2296
19.057586
19.170219
19.577971
20.774901
21.906812
23.802456
25.197893
25.557631
25.388243
24.651741
23.171741
21.808923
21.375123
21.133754
20.96955
20.812192
18.864471
17.739875
17.089353
16.574054
16.264238
16.077484
17.156498
18.472633
19.251127
19.40423
19.734777
20.549389
21.531439
23.277787
24.593599
25.083862
24.944307
24.30128
23.168227
21.928783
21.428648
21.19497
20.97405
20.829631
19.200016
18.265198
17.557654
16.939158
16.371188
16.084293
17.118969
18.394822
19.1312
19.218067
19.521377
20.616889
21.607583
22.680051
23.923875
24.700849
24.58124
22.96916
21.533356
19.669391
18.188592
17.138906
16.536564
16.228677
15.976051
15.770869
15.595746
15.421669
15.264601
15.138623
15.038964
14.950539
14.874032
14.791847
14.881431
15.320079
15.740464
16.237809
16.747561
17.150108
16.641409
16.030385
15.720446
15.580001
15.470251
15.382323
15.31689
15.262593
15.183653
15.116557
15.080895
15.01916
14.940361
14.888232
16.163459
17.628825
18.513145
18.74736
19.241072
20.449579
21.573879
23.538985
24.853636
25.323233
25.302593
24.625273
23.291591
21.863233
21.368037
21.123355
20.90784
20.734842
18.820754
17.40097
16.576027
16.242079
15.993101
15.81834
16.905359
18.223683
18.993823
19.117442
19.526052
20.733978
22.047645
24.118367
25.198072
25.564214
25.460221
24.779802
23.547029
22.047862
21.461626
21.203904
21.00589
20.821541
18.768979
17.469874
16.64661
16.292877
16.074217
15.867469
16.943603
18.268909
19.039476
19.150095
19.553345
20.712778
21.866411
23.840606
25.189999
25.613169
25.542896
24.871197
23.600638
21.999593
21.431605
21.153095
20.919603
20.719667
18.366117
16.984604
16.454455
16.168052
15.936363
15.741537
16.841231
18.204208
18.985617
19.111779
19.40218
20.658125
22.059239
24.178433
25.256359
25.675003
25.579445
24.846596
23.452915
21.9069
21.42346
21.167688
20.951919
20.769446
18.629671
17.219184
16.587752
16.320724
16.129532
15.98187
17.100759
18.484781
19.288065
19.409118
19.671006
20.321665
20.636616
21.131979
22.483666
24.332698
24.680785
23.894212
22.408159
21.380997
21.065526
20.869059
20.717708
20.564432
18.511899
17.203807
16.476606
16.239603
16.08068
15.934086
17.027421
18.329452
19.097376
19.223462
19.375109
19.821795
20.290714
20.858342
21.1929
21.208613
21.015598
20.645244
20.314519
18.0947
16.513501
16.159695
15.945823
15.785637
15.61176
15.464152
15.33991
15.216604
15.098402
15.002928
14.925081
14.882463
14.853503
14.806844
14.852596
15.288737
15.62837
16.208853
17.674665
19.132689
19.428047
18.240982
16.900498
16.251428
15.955155
15.775041
15.657674
15.551335
15.435608
15.356463
15.316
15.265463
15.188556
15.10197
16.340112
17.837085
18.74546
18.93842
19.167868
19.435078
19.656632
19.915749
20.36558
21.374192
22.447532
21.755356
20.820054
20.552681
20.423237
20.368588
20.304547
20.241427
18.647373
17.397436
16.729698
16.33196
16.122364
15.994172
17.123019
18.479371
19.260808
19.447607
19.810863
20.914345
22.626537
24.187228
24.803786
25.096842
24.857182
24.336893
23.652235
22.615672
21.785614
21.410079
21.221519
21.052903
19.721972
18.867687
18.288088
17.821595
17.203105
16.767694
17.644647
18.927412
19.670136
19.820039
20.103927
20.889535
22.104623
23.800875
24.607691
24.93786
24.97156
24.534885
23.846369
22.769559
21.896378
21.440472
21.253719
21.144465
20.30663
19.731525
19.183775
18.62065
18.080328
17.608686
17.934406
19.069961
19.697756
19.778864
20.083218
21.218501
23.233432
24.754346
25.364969
25.512673
25.153117
24.563337
23.988271
23.009505
22.199192
21.660473
21.430003
21.266908
20.336965
19.672632
19.197731
18.734779
18.263432
17.852531
18.063655
19.208412
19.865466
19.955208
20.16096
20.777442
21.623702
22.608946
23.010104
23.659998
24.091856
23.583892
22.722312
21.701644
21.295142
21.127452
20.992773
20.871089
19.593509
18.848142
18.290305
17.803805
17.35653
16.94294
17.639797
18.89344
19.612213
19.729691
19.859037
20.213667
20.42864
20.601343
20.82944
21.067023
21.112747
20.836385
20.540433
19.196695
18.248444
17.566023
16.973071
16.537177
16.192652
16.020204
15.871757
15.688999
15.545381
15.402845
15.26271
15.195005
15.11862
15.023054
15.130577
16.231164
17.586019
19.17928
21.120231
22.673456
23.050277
21.725959
19.98632
18.927726
18.253734
17.698877
17.244284
16.842469
16.352823
16.103138
15.949201
15.842422
15.739809
15.662458
16.894411
18.315552
19.150849
19.322754
19.564005
20.271577
20.846484
21.684152
23.011295
24.368139
24.678553
24.14983
22.818359
21.555171
21.168993
20.975261
20.808994
20.686137
18.927393
17.855663
17.229901
16.696612
16.313685
16.125161
17.221292
18.563572
19.349339
19.477211
19.70358
20.640605
22.004526
24.123506
25.017387
25.363179
25.3374
24.783882
23.989383
22.617725
21.708981
21.371338
21.130319
20.953188
19.355388
18.148653
17.276906
16.665957
16.286141
16.054428
17.178727
18.535617
19.294374
19.447406
19.64782
19.887613
19.969792
20.035014
20.051201
20.083127
20.093899
20.078919
20.078579
20.009852
19.94878
19.901544
19.858982
19.842051
17.5535
16.281614
16.032
15.727784
15.466256
15.295478
16.435882
17.934473
18.760753
18.952367
19.322854
19.634827
19.725788
20.01683
20.265877
20.438593
20.501765
20.380392
20.244127
20.219874
20.135341
19.954617
19.907816
19.988155
17.682746
16.445029
16.12018
15.923057
15.765381
15.642081
16.799952
18.18563
19.00317
19.171045
19.422438
20.243341
21.22081
22.733733
24.270675
25.141439
25.186658
24.352184
22.571988
21.517045
21.214945
20.991127
20.756281
20.553567
18.232082
16.876091
16.371698
16.12691
15.92597
15.748502
16.863692
18.193567
18.985783
19.12709
19.282946
19.935641
20.206652
20.178352
20.25713
20.618028
20.843221
20.529554
20.102882
17.568197
16.223854
15.898819
15.659292
15.421073
15.215095
15.058161
14.945636
14.810255
14.680239
14.574141
14.470627
14.387695
14.321337
14.258636
14.395925
15.348801
16.190713
17.06119
18.612811
19.688956
19.615963
18.225952
16.62698
16.13225
15.892805
15.680949
15.492704
15.327275
15.179928
15.052671